0.1166 0.1166 0.1166 0.1166 0.1166 0.1166 0.1166 0.1166 0.1166 0.1166 0.1166 0.1166 0.1166
0.1146 0.1147 0.1149 0.1152 0.1156 0.1161 0.1166 0.1171 0.1176 0.1181 0.1184 0.1186 0.1187
0.1131 0.1133 0.1135 0.1141 0.1148 0.1157 0.1167 0.1176 0.1186 0.1194 0.1200 0.1205 0.1206
0.1117 0.1119 0.1123 0.1131 0.1141 0.1153 0.1167 0.1182 0.1196 0.1208 0.1218 0.1224 0.1227
0.1104 0.1106 0.1112 0.1121 0.1134 0.1150 0.1167 0.1187 0.1206 0.1223 0.1237 0.1245 0.1248
0.1095 0.1096 0.1103 0.1113 0.1128 0.1147 0.1169 0.1193 0.1216 0.1238 0.1255 0.1267 0.1270
0.1087 0.1089 0.1096 0.1107 0.1123 0.1144 0.1170 0.1198 0.1228 0.1253 0.1275 0.1289 0.1294
0.1082 0.1084 0.1091 0.1103 0.1120 0.1143 0.1173 0.1206 0.1238 0.1269 0.1295 0.1312 0.1317
0.1081 0.1083 0.1089 0.1101 0.1119 0.1143 0.1175 0.1212 0.1250 0.1286 0.1315 0.1335 0.1341
0.1084 0.1086 0.1091 0.1101 0.1119 0.1145 0.1179 0.1219 0.1262 0.1302 0.1336 0.1358 0.1366
0.1092 0.1093 0.1096 0.1105 0.1121 0.1148 0.1183 0.1227 0.1274 0.1320 0.1357 0.1382 0.1391
0.1106 0.1106 0.1107 0.1112 0.1127 0.1152 0.1190 0.1236 0.1287 0.1337 0.1378 0.1407 0.1416
0.1125 0.1124 0.1123 0.1125 0.1135 0.1159 0.1198 0.1246 0.1301 0.1355 0.1401 0.1432 0.1443
0.1157 0.1153 0.1145 0.1142 0.1148 0.1169 0.1206 0.1257 0.1315 0.1374 0.1424 0.1457 0.1470
0.1191 0.1187 0.1175 0.1165 0.1165 0.1182 0.1218 0.1270 0.1331 0.1393 0.1447 0.1484 0.1497
0.1243 0.1235 0.1215 0.1195 0.1187 0.1198 0.1232 0.1284 0.1348 0.1414 0.1471 0.1510 0.1525
0.1307 0.1295 0.1266 0.1234 0.1215 0.1220 0.1250 0.1301 0.1367 0.1437 0.1497 0.1539 0.1554
