0.0977 0.0977 0.0977 0.0977 0.0977 0.0977 0.0977 0.0977 0.0977 0.0977 0.0977 0.0977 0.0977
0.0977 0.0977 0.0977 0.0977 0.0978 0.0978 0.0978 0.0979 0.0979 0.0980 0.0980 0.0980 0.0980
0.0980 0.0980 0.0980 0.0980 0.0980 0.0980 0.0981 0.0982 0.0983 0.0984 0.0985 0.0985 0.0985
0.0985 0.0985 0.0984 0.0984 0.0984 0.0984 0.0985 0.0986 0.0988 0.0989 0.0991 0.0992 0.0992
0.0993 0.0993 0.0992 0.0991 0.0991 0.0991 0.0991 0.0993 0.0995 0.0997 0.0999 0.1000 0.1001
0.1005 0.1004 0.1003 0.1001 0.1000 0.0999 0.0999 0.1001 0.1003 0.1006 0.1009 0.1010 0.1011
0.1020 0.1019 0.1017 0.1014 0.1011 0.1009 0.1009 0.1010 0.1013 0.1017 0.1020 0.1022 0.1023
0.1040 0.1039 0.1036 0.1031 0.1026 0.1023 0.1021 0.1022 0.1025 0.1029 0.1033 0.1036 0.1037
0.1066 0.1064 0.1059 0.1051 0.1044 0.1038 0.1036 0.1036 0.1039 0.1043 0.1048 0.1051 0.1052
0.1097 0.1094 0.1087 0.1077 0.1066 0.1058 0.1053 0.1052 0.1054 0.1059 0.1064 0.1068 0.1070
0.1134 0.1130 0.1121 0.1107 0.1092 0.1080 0.1073 0.1070 0.1072 0.1077 0.1082 0.1087 0.1089
0.1181 0.1175 0.1162 0.1143 0.1123 0.1107 0.1096 0.1091 0.1092 0.1097 0.1102 0.1107 0.1109
0.1235 0.1229 0.1210 0.1186 0.1160 0.1138 0.1122 0.1115 0.1114 0.1118 0.1124 0.1129 0.1131
0.1300 0.1291 0.1268 0.1236 0.1202 0.1173 0.1153 0.1142 0.1139 0.1143 0.1148 0.1154 0.1156
0.1377 0.1365 0.1335 0.1295 0.1251 0.1214 0.1187 0.1172 0.1167 0.1169 0.1175 0.1180 0.1182
0.1467 0.1453 0.1415 0.1362 0.1309 0.1261 0.1226 0.1206 0.1198 0.1198 0.1204 0.1209 0.1211
0.1574 0.1556 0.1507 0.1442 0.1374 0.1314 0.1270 0.1244 0.1232 0.1231 0.1235 0.1240 0.1242
