0.1047 0.1047 0.1047 0.1047 0.1047 0.1047 0.1047 0.1047 0.1047 0.1047 0.1047 0.1047 0.1047
0.1035 0.1036 0.1037 0.1039 0.1041 0.1044 0.1047 0.1050 0.1053 0.1056 0.1058 0.1060 0.1060
0.1027 0.1028 0.1029 0.1033 0.1037 0.1043 0.1048 0.1054 0.1060 0.1065 0.1069 0.1072 0.1073
0.1020 0.1021 0.1023 0.1028 0.1034 0.1041 0.1050 0.1059 0.1068 0.1075 0.1082 0.1086 0.1087
0.1015 0.1016 0.1019 0.1025 0.1032 0.1042 0.1053 0.1065 0.1076 0.1087 0.1095 0.1101 0.1103
0.1011 0.1012 0.1016 0.1022 0.1032 0.1043 0.1056 0.1071 0.1086 0.1099 0.1110 0.1117 0.1120
0.1010 0.1011 0.1015 0.1022 0.1032 0.1045 0.1061 0.1078 0.1096 0.1113 0.1126 0.1134 0.1138
0.1012 0.1013 0.1017 0.1024 0.1034 0.1048 0.1066 0.1086 0.1107 0.1127 0.1142 0.1153 0.1156
0.1016 0.1017 0.1021 0.1027 0.1038 0.1053 0.1073 0.1096 0.1119 0.1142 0.1160 0.1173 0.1177
0.1023 0.1024 0.1027 0.1033 0.1044 0.1060 0.1081 0.1106 0.1132 0.1158 0.1179 0.1193 0.1198
0.1034 0.1034 0.1037 0.1042 0.1052 0.1068 0.1090 0.1117 0.1147 0.1175 0.1199 0.1215 0.1221
0.1049 0.1049 0.1050 0.1054 0.1062 0.1078 0.1101 0.1130 0.1163 0.1194 0.1221 0.1238 0.1245
0.1069 0.1068 0.1067 0.1069 0.1076 0.1091 0.1114 0.1145 0.1179 0.1214 0.1244 0.1263 0.1270
0.1094 0.1092 0.1089 0.1087 0.1092 0.1106 0.1129 0.1161 0.1198 0.1236 0.1268 0.1290 0.1297
0.1125 0.1122 0.1116 0.1111 0.1112 0.1124 0.1146 0.1179 0.1219 0.1259 0.1294 0.1317 0.1326
0.1163 0.1159 0.1149 0.1139 0.1136 0.1145 0.1167 0.1200 0.1242 0.1284 0.1322 0.1347 0.1356
0.1209 0.1203 0.1189 0.1173 0.1165 0.1170 0.1190 0.1224 0.1267 0.1312 0.1352 0.1379 0.1389
