0.0950 0.0950 0.0950 0.0950 0.0950 0.0950 0.0950 0.0950 0.0950 0.0950 0.0950 0.0950 0.0950
0.0948 0.0948 0.0948 0.0949 0.0949 0.0950 0.0951 0.0952 0.0953 0.0953 0.0954 0.0954 0.0955
0.0948 0.0948 0.0949 0.0949 0.0950 0.0951 0.0953 0.0955 0.0956 0.0958 0.0959 0.0960 0.0960
0.0951 0.0951 0.0952 0.0952 0.0953 0.0955 0.0957 0.0959 0.0962 0.0964 0.0966 0.0968 0.0968
0.0957 0.0957 0.0957 0.0957 0.0958 0.0960 0.0962 0.0965 0.0968 0.0972 0.0975 0.0977 0.0977
0.0966 0.0966 0.0965 0.0965 0.0965 0.0966 0.0969 0.0972 0.0977 0.0981 0.0985 0.0988 0.0989
0.0979 0.0978 0.0977 0.0976 0.0975 0.0975 0.0978 0.0982 0.0987 0.0992 0.0997 0.1000 0.1001
0.0995 0.0995 0.0992 0.0990 0.0988 0.0987 0.0989 0.0992 0.0998 0.1004 0.1010 0.1013 0.1015
0.1017 0.1016 0.1012 0.1007 0.1003 0.1001 0.1001 0.1005 0.1011 0.1018 0.1024 0.1029 0.1030
0.1044 0.1042 0.1036 0.1029 0.1022 0.1018 0.1017 0.1020 0.1026 0.1033 0.1040 0.1045 0.1047
0.1078 0.1075 0.1066 0.1056 0.1045 0.1038 0.1035 0.1037 0.1042 0.1051 0.1058 0.1064 0.1067
0.1117 0.1113 0.1103 0.1088 0.1073 0.1062 0.1056 0.1057 0.1062 0.1070 0.1078 0.1084 0.1087
0.1167 0.1161 0.1147 0.1127 0.1107 0.1091 0.1081 0.1079 0.1083 0.1091 0.1100 0.1107 0.1109
0.1227 0.1219 0.1200 0.1173 0.1146 0.1124 0.1110 0.1105 0.1107 0.1115 0.1124 0.1131 0.1134
0.1298 0.1289 0.1263 0.1228 0.1192 0.1163 0.1143 0.1134 0.1135 0.1142 0.1151 0.1158 0.1161
0.1384 0.1372 0.1339 0.1293 0.1247 0.1208 0.1181 0.1168 0.1166 0.1171 0.1180 0.1187 0.1190
0.1487 0.1471 0.1428 0.1370 0.1310 0.1260 0.1225 0.1206 0.1201 0.1205 0.1213 0.1220 0.1223
