0.1061 0.1061 0.1061 0.1061 0.1061 0.1061 0.1061 0.1061 0.1061 0.1061 0.1061 0.1061 0.1061
0.1061 0.1061 0.1061 0.1061 0.1061 0.1061 0.1061 0.1061 0.1061 0.1061 0.1061 0.1061 0.1061
0.1061 0.1061 0.1061 0.1061 0.1061 0.1061 0.1061 0.1061 0.1061 0.1061 0.1061 0.1061 0.1061
0.1059 0.1059 0.1059 0.1059 0.1059 0.1059 0.1059 0.1059 0.1059 0.1059 0.1059 0.1059 0.1059
0.1058 0.1058 0.1058 0.1058 0.1058 0.1058 0.1058 0.1058 0.1058 0.1058 0.1058 0.1058 0.1058
0.1056 0.1056 0.1056 0.1056 0.1056 0.1056 0.1056 0.1056 0.1056 0.1056 0.1056 0.1056 0.1056
0.1054 0.1054 0.1054 0.1054 0.1054 0.1054 0.1054 0.1054 0.1054 0.1054 0.1054 0.1054 0.1054
0.1052 0.1052 0.1052 0.1052 0.1052 0.1052 0.1052 0.1052 0.1052 0.1052 0.1052 0.1052 0.1052
0.1050 0.1050 0.1050 0.1050 0.1050 0.1050 0.1050 0.1050 0.1050 0.1050 0.1050 0.1050 0.1050
0.1048 0.1048 0.1048 0.1048 0.1048 0.1048 0.1048 0.1048 0.1048 0.1048 0.1048 0.1048 0.1048
0.1047 0.1047 0.1047 0.1047 0.1047 0.1047 0.1047 0.1047 0.1047 0.1047 0.1047 0.1047 0.1047
0.1046 0.1046 0.1046 0.1046 0.1046 0.1046 0.1046 0.1046 0.1046 0.1046 0.1046 0.1046 0.1046
0.1046 0.1046 0.1046 0.1046 0.1046 0.1046 0.1046 0.1046 0.1046 0.1046 0.1046 0.1046 0.1046
0.1048 0.1048 0.1048 0.1048 0.1048 0.1048 0.1048 0.1048 0.1048 0.1048 0.1048 0.1048 0.1048
0.1051 0.1051 0.1051 0.1051 0.1051 0.1051 0.1051 0.1051 0.1051 0.1051 0.1051 0.1051 0.1051
0.1056 0.1056 0.1056 0.1056 0.1056 0.1056 0.1056 0.1056 0.1056 0.1056 0.1056 0.1056 0.1056
0.1063 0.1063 0.1063 0.1063 0.1063 0.1063 0.1063 0.1063 0.1063 0.1063 0.1063 0.1063 0.1063
