0.0954 0.0954 0.0954 0.0954 0.0954 0.0954 0.0954 0.0954 0.0954 0.0954 0.0954 0.0954 0.0954
0.0953 0.0953 0.0953 0.0953 0.0954 0.0954 0.0955 0.0956 0.0956 0.0957 0.0958 0.0958 0.0958
0.0953 0.0953 0.0953 0.0954 0.0955 0.0956 0.0957 0.0958 0.0960 0.0961 0.0962 0.0962 0.0962
0.0955 0.0955 0.0956 0.0956 0.0957 0.0959 0.0960 0.0962 0.0964 0.0966 0.0967 0.0968 0.0968
0.0959 0.0959 0.0960 0.0960 0.0961 0.0963 0.0965 0.0967 0.0970 0.0972 0.0974 0.0975 0.0975
0.0966 0.0966 0.0966 0.0967 0.0967 0.0969 0.0971 0.0974 0.0977 0.0979 0.0982 0.0983 0.0984
0.0974 0.0974 0.0975 0.0975 0.0975 0.0977 0.0979 0.0982 0.0985 0.0988 0.0991 0.0993 0.0994
0.0987 0.0987 0.0986 0.0986 0.0986 0.0986 0.0988 0.0991 0.0995 0.0998 0.1002 0.1004 0.1005
0.1002 0.1002 0.1001 0.1000 0.0998 0.0998 0.1000 0.1002 0.1006 0.1010 0.1013 0.1016 0.1017
0.1022 0.1021 0.1019 0.1017 0.1014 0.1013 0.1013 0.1015 0.1019 0.1023 0.1026 0.1029 0.1030
0.1046 0.1045 0.1041 0.1037 0.1033 0.1030 0.1029 0.1030 0.1033 0.1037 0.1041 0.1044 0.1045
0.1075 0.1073 0.1069 0.1062 0.1055 0.1049 0.1047 0.1047 0.1049 0.1053 0.1057 0.1061 0.1062
0.1109 0.1106 0.1100 0.1091 0.1081 0.1073 0.1068 0.1067 0.1068 0.1072 0.1076 0.1079 0.1080
0.1150 0.1146 0.1138 0.1125 0.1111 0.1100 0.1092 0.1089 0.1089 0.1091 0.1095 0.1098 0.1099
0.1197 0.1192 0.1181 0.1165 0.1147 0.1132 0.1120 0.1113 0.1112 0.1113 0.1116 0.1119 0.1120
0.1253 0.1247 0.1232 0.1211 0.1188 0.1167 0.1152 0.1142 0.1138 0.1139 0.1141 0.1143 0.1144
0.1318 0.1311 0.1292 0.1264 0.1235 0.1209 0.1187 0.1174 0.1167 0.1166 0.1167 0.1169 0.1170
