0.1145 0.1145 0.1145 0.1145 0.1145 0.1145 0.1145 0.1145 0.1145 0.1145 0.1145 0.1145 0.1145
0.1126 0.1127 0.1129 0.1132 0.1135 0.1140 0.1145 0.1150 0.1155 0.1159 0.1162 0.1164 0.1165
0.1111 0.1112 0.1115 0.1120 0.1127 0.1136 0.1145 0.1154 0.1163 0.1171 0.1176 0.1181 0.1182
0.1096 0.1097 0.1102 0.1109 0.1119 0.1131 0.1144 0.1158 0.1172 0.1183 0.1192 0.1198 0.1200
0.1081 0.1083 0.1089 0.1098 0.1111 0.1127 0.1144 0.1162 0.1180 0.1195 0.1208 0.1216 0.1219
0.1068 0.1070 0.1078 0.1088 0.1104 0.1123 0.1144 0.1167 0.1189 0.1208 0.1223 0.1234 0.1237
0.1056 0.1059 0.1067 0.1080 0.1097 0.1119 0.1144 0.1171 0.1197 0.1220 0.1239 0.1251 0.1256
0.1047 0.1050 0.1058 0.1072 0.1091 0.1116 0.1144 0.1175 0.1205 0.1233 0.1255 0.1270 0.1275
0.1039 0.1042 0.1050 0.1065 0.1086 0.1113 0.1144 0.1179 0.1214 0.1245 0.1270 0.1287 0.1293
0.1033 0.1036 0.1046 0.1060 0.1083 0.1111 0.1145 0.1183 0.1222 0.1257 0.1286 0.1305 0.1312
0.1032 0.1035 0.1043 0.1058 0.1080 0.1110 0.1147 0.1188 0.1230 0.1270 0.1302 0.1323 0.1331
0.1034 0.1036 0.1043 0.1057 0.1080 0.1111 0.1149 0.1193 0.1239 0.1282 0.1317 0.1340 0.1349
0.1037 0.1040 0.1047 0.1060 0.1082 0.1112 0.1152 0.1199 0.1248 0.1294 0.1333 0.1359 0.1368
0.1047 0.1049 0.1054 0.1065 0.1086 0.1116 0.1157 0.1205 0.1257 0.1307 0.1349 0.1376 0.1386
0.1062 0.1063 0.1066 0.1075 0.1093 0.1122 0.1163 0.1213 0.1267 0.1321 0.1365 0.1394 0.1405
0.1083 0.1083 0.1083 0.1089 0.1104 0.1131 0.1171 0.1222 0.1279 0.1334 0.1381 0.1413 0.1424
0.1112 0.1110 0.1107 0.1108 0.1118 0.1143 0.1181 0.1233 0.1291 0.1349 0.1399 0.1432 0.1443
