0.0922 0.0922 0.0922 0.0922 0.0922 0.0922 0.0922 0.0922 0.0922 0.0922 0.0922 0.0922 0.0922
0.0925 0.0925 0.0924 0.0924 0.0924 0.0923 0.0923 0.0922 0.0922 0.0922 0.0922 0.0922 0.0922
0.0930 0.0930 0.0929 0.0928 0.0927 0.0926 0.0926 0.0925 0.0925 0.0925 0.0925 0.0925 0.0925
0.0939 0.0939 0.0937 0.0936 0.0934 0.0932 0.0931 0.0930 0.0929 0.0929 0.0929 0.0930 0.0930
0.0951 0.0951 0.0949 0.0946 0.0943 0.0940 0.0937 0.0936 0.0936 0.0936 0.0936 0.0937 0.0937
0.0968 0.0967 0.0964 0.0960 0.0955 0.0950 0.0947 0.0945 0.0944 0.0944 0.0945 0.0946 0.0946
0.0990 0.0988 0.0984 0.0977 0.0970 0.0964 0.0959 0.0956 0.0955 0.0955 0.0956 0.0957 0.0957
0.1016 0.1014 0.1008 0.0999 0.0989 0.0980 0.0973 0.0969 0.0967 0.0967 0.0969 0.0970 0.0970
0.1049 0.1046 0.1038 0.1026 0.1012 0.1000 0.0991 0.0984 0.0982 0.0982 0.0983 0.0985 0.0985
0.1089 0.1085 0.1074 0.1058 0.1040 0.1024 0.1011 0.1003 0.0999 0.0999 0.1000 0.1002 0.1003
0.1137 0.1131 0.1117 0.1096 0.1073 0.1052 0.1035 0.1024 0.1019 0.1018 0.1019 0.1021 0.1022
0.1196 0.1189 0.1169 0.1142 0.1113 0.1085 0.1063 0.1049 0.1041 0.1040 0.1041 0.1043 0.1044
0.1264 0.1256 0.1231 0.1196 0.1159 0.1124 0.1096 0.1077 0.1067 0.1064 0.1065 0.1067 0.1068
0.1348 0.1337 0.1305 0.1261 0.1213 0.1169 0.1134 0.1110 0.1097 0.1092 0.1092 0.1094 0.1095
0.1448 0.1434 0.1393 0.1337 0.1277 0.1222 0.1178 0.1148 0.1131 0.1124 0.1123 0.1124 0.1125
0.1567 0.1548 0.1497 0.1426 0.1351 0.1283 0.1228 0.1191 0.1169 0.1159 0.1157 0.1158 0.1158
0.1709 0.1686 0.1621 0.1531 0.1437 0.1353 0.1286 0.1240 0.1212 0.1199 0.1195 0.1195 0.1196
