0.0906 0.0906 0.0906 0.0906 0.0906 0.0906 0.0906 0.0906 0.0906 0.0906 0.0906 0.0906 0.0906
0.0907 0.0907 0.0907 0.0907 0.0907 0.0907 0.0907 0.0907 0.0907 0.0907 0.0907 0.0907 0.0907
0.0910 0.0910 0.0910 0.0910 0.0910 0.0910 0.0910 0.0910 0.0910 0.0910 0.0910 0.0910 0.0910
0.0915 0.0915 0.0915 0.0915 0.0915 0.0915 0.0915 0.0915 0.0915 0.0915 0.0915 0.0915 0.0915
0.0922 0.0922 0.0922 0.0922 0.0922 0.0922 0.0922 0.0922 0.0922 0.0922 0.0922 0.0922 0.0922
0.0931 0.0931 0.0931 0.0931 0.0931 0.0931 0.0931 0.0931 0.0931 0.0931 0.0931 0.0931 0.0931
0.0942 0.0942 0.0942 0.0942 0.0942 0.0942 0.0942 0.0942 0.0942 0.0942 0.0942 0.0942 0.0942
0.0957 0.0957 0.0957 0.0957 0.0957 0.0957 0.0957 0.0957 0.0957 0.0957 0.0957 0.0957 0.0957
0.0973 0.0973 0.0973 0.0973 0.0973 0.0973 0.0973 0.0973 0.0973 0.0973 0.0973 0.0973 0.0973
0.0993 0.0993 0.0993 0.0993 0.0993 0.0993 0.0993 0.0993 0.0993 0.0993 0.0993 0.0993 0.0993
0.1016 0.1016 0.1016 0.1016 0.1016 0.1016 0.1016 0.1016 0.1016 0.1016 0.1016 0.1016 0.1016
0.1042 0.1042 0.1042 0.1042 0.1042 0.1042 0.1042 0.1042 0.1042 0.1042 0.1042 0.1042 0.1042
0.1073 0.1073 0.1073 0.1073 0.1073 0.1073 0.1073 0.1073 0.1073 0.1073 0.1073 0.1073 0.1073
0.1107 0.1107 0.1107 0.1107 0.1107 0.1107 0.1107 0.1107 0.1107 0.1107 0.1107 0.1107 0.1107
0.1146 0.1146 0.1146 0.1146 0.1146 0.1146 0.1146 0.1146 0.1146 0.1146 0.1146 0.1146 0.1146
0.1190 0.1190 0.1190 0.1190 0.1190 0.1190 0.1190 0.1190 0.1190 0.1190 0.1190 0.1190 0.1190
0.1239 0.1239 0.1239 0.1239 0.1239 0.1239 0.1239 0.1239 0.1239 0.1239 0.1239 0.1239 0.1239
