0.1177 0.1177 0.1177 0.1177 0.1177 0.1177 0.1177 0.1177 0.1177 0.1177 0.1177 0.1177 0.1177
0.1162 0.1163 0.1164 0.1166 0.1170 0.1173 0.1177 0.1181 0.1185 0.1188 0.1190 0.1192 0.1192
0.1149 0.1150 0.1153 0.1157 0.1162 0.1169 0.1176 0.1183 0.1190 0.1196 0.1201 0.1204 0.1204
0.1136 0.1137 0.1141 0.1147 0.1155 0.1164 0.1175 0.1185 0.1195 0.1204 0.1211 0.1216 0.1217
0.1122 0.1124 0.1129 0.1136 0.1147 0.1159 0.1173 0.1187 0.1200 0.1212 0.1221 0.1227 0.1229
0.1109 0.1111 0.1117 0.1126 0.1139 0.1154 0.1170 0.1188 0.1205 0.1219 0.1231 0.1238 0.1241
0.1097 0.1099 0.1105 0.1116 0.1130 0.1148 0.1168 0.1188 0.1208 0.1226 0.1240 0.1249 0.1252
0.1086 0.1088 0.1095 0.1107 0.1123 0.1143 0.1165 0.1188 0.1212 0.1232 0.1248 0.1259 0.1263
0.1075 0.1078 0.1085 0.1097 0.1115 0.1137 0.1162 0.1188 0.1214 0.1238 0.1256 0.1268 0.1273
0.1065 0.1067 0.1076 0.1090 0.1109 0.1132 0.1159 0.1188 0.1217 0.1243 0.1263 0.1277 0.1282
0.1058 0.1060 0.1069 0.1083 0.1103 0.1128 0.1157 0.1188 0.1219 0.1248 0.1270 0.1285 0.1290
0.1052 0.1055 0.1063 0.1078 0.1098 0.1124 0.1155 0.1188 0.1222 0.1252 0.1277 0.1293 0.1299
0.1050 0.1053 0.1061 0.1074 0.1095 0.1121 0.1153 0.1188 0.1224 0.1257 0.1284 0.1301 0.1307
0.1050 0.1053 0.1060 0.1074 0.1093 0.1120 0.1153 0.1189 0.1227 0.1262 0.1290 0.1309 0.1315
0.1055 0.1057 0.1063 0.1076 0.1095 0.1121 0.1154 0.1191 0.1230 0.1267 0.1296 0.1316 0.1323
0.1064 0.1065 0.1070 0.1081 0.1099 0.1124 0.1156 0.1194 0.1234 0.1272 0.1303 0.1324 0.1331
0.1078 0.1079 0.1082 0.1091 0.1106 0.1130 0.1161 0.1199 0.1240 0.1279 0.1311 0.1332 0.1340
