0.0969 0.0969 0.0969 0.0969 0.0969 0.0969 0.0969 0.0969 0.0969 0.0969 0.0969 0.0969 0.0969
0.0961 0.0961 0.0962 0.0963 0.0965 0.0967 0.0970 0.0972 0.0975 0.0977 0.0978 0.0979 0.0980
0.0956 0.0957 0.0958 0.0960 0.0963 0.0967 0.0971 0.0976 0.0980 0.0984 0.0987 0.0989 0.0990
0.0954 0.0954 0.0956 0.0959 0.0962 0.0967 0.0973 0.0980 0.0987 0.0993 0.0999 0.1002 0.1003
0.0953 0.0954 0.0955 0.0959 0.0963 0.0969 0.0977 0.0986 0.0995 0.1003 0.1011 0.1015 0.1017
0.0957 0.0957 0.0958 0.0961 0.0965 0.0972 0.0981 0.0992 0.1003 0.1015 0.1024 0.1030 0.1032
0.0963 0.0963 0.0964 0.0966 0.0969 0.0977 0.0987 0.0999 0.1013 0.1027 0.1038 0.1046 0.1049
0.0974 0.0974 0.0973 0.0974 0.0976 0.0983 0.0993 0.1008 0.1024 0.1040 0.1054 0.1064 0.1067
0.0990 0.0989 0.0986 0.0985 0.0986 0.0991 0.1002 0.1017 0.1036 0.1055 0.1071 0.1082 0.1086
0.1012 0.1010 0.1005 0.0999 0.0998 0.1001 0.1012 0.1028 0.1048 0.1070 0.1088 0.1101 0.1106
0.1041 0.1037 0.1029 0.1019 0.1013 0.1014 0.1024 0.1040 0.1063 0.1086 0.1107 0.1122 0.1127
0.1078 0.1073 0.1060 0.1045 0.1033 0.1030 0.1038 0.1055 0.1078 0.1104 0.1127 0.1143 0.1149
0.1126 0.1118 0.1100 0.1077 0.1058 0.1050 0.1054 0.1071 0.1095 0.1123 0.1149 0.1167 0.1173
0.1188 0.1179 0.1150 0.1116 0.1088 0.1073 0.1074 0.1089 0.1114 0.1144 0.1171 0.1191 0.1199
0.1266 0.1251 0.1213 0.1166 0.1126 0.1101 0.1097 0.1110 0.1135 0.1167 0.1196 0.1217 0.1225
0.1363 0.1343 0.1292 0.1227 0.1171 0.1136 0.1124 0.1134 0.1159 0.1191 0.1222 0.1245 0.1253
0.1485 0.1458 0.1389 0.1303 0.1226 0.1177 0.1156 0.1162 0.1185 0.1218 0.1251 0.1275 0.1283
