0.0984 0.0984 0.0984 0.0984 0.0984 0.0984 0.0984 0.0984 0.0984 0.0984 0.0984 0.0984 0.0984
0.0979 0.0979 0.0980 0.0981 0.0982 0.0983 0.0985 0.0986 0.0988 0.0989 0.0990 0.0991 0.0991
0.0978 0.0978 0.0979 0.0980 0.0982 0.0984 0.0987 0.0990 0.0993 0.0995 0.0997 0.0999 0.0999
0.0979 0.0979 0.0980 0.0981 0.0984 0.0987 0.0990 0.0995 0.0999 0.1003 0.1006 0.1008 0.1009
0.0983 0.0983 0.0983 0.0985 0.0987 0.0991 0.0995 0.1001 0.1007 0.1012 0.1017 0.1020 0.1021
0.0989 0.0989 0.0990 0.0991 0.0993 0.0997 0.1002 0.1009 0.1016 0.1023 0.1029 0.1033 0.1035
0.1000 0.1000 0.1000 0.1000 0.1001 0.1005 0.1010 0.1018 0.1027 0.1035 0.1043 0.1048 0.1050
0.1015 0.1014 0.1013 0.1012 0.1012 0.1015 0.1021 0.1029 0.1039 0.1050 0.1058 0.1065 0.1067
0.1034 0.1033 0.1030 0.1027 0.1026 0.1027 0.1033 0.1042 0.1053 0.1065 0.1076 0.1083 0.1085
0.1059 0.1058 0.1053 0.1047 0.1043 0.1043 0.1047 0.1056 0.1069 0.1082 0.1094 0.1102 0.1106
0.1091 0.1088 0.1081 0.1072 0.1064 0.1061 0.1064 0.1073 0.1086 0.1101 0.1115 0.1124 0.1127
0.1130 0.1126 0.1115 0.1102 0.1090 0.1083 0.1084 0.1092 0.1106 0.1122 0.1137 0.1148 0.1151
0.1178 0.1172 0.1157 0.1138 0.1120 0.1109 0.1107 0.1115 0.1128 0.1145 0.1162 0.1173 0.1177
0.1236 0.1229 0.1208 0.1181 0.1156 0.1140 0.1134 0.1139 0.1153 0.1171 0.1188 0.1201 0.1206
0.1307 0.1297 0.1269 0.1233 0.1200 0.1175 0.1165 0.1167 0.1180 0.1199 0.1217 0.1231 0.1236
0.1392 0.1378 0.1342 0.1295 0.1250 0.1217 0.1200 0.1200 0.1211 0.1230 0.1249 0.1264 0.1269
0.1494 0.1476 0.1429 0.1368 0.1309 0.1265 0.1241 0.1236 0.1246 0.1264 0.1284 0.1300 0.1305
