0.0983 0.0983 0.0983 0.0983 0.0983 0.0983 0.0983 0.0983 0.0983 0.0983 0.0983 0.0983 0.0983
0.0975 0.0975 0.0976 0.0977 0.0979 0.0981 0.0984 0.0986 0.0988 0.0990 0.0992 0.0993 0.0993
0.0969 0.0970 0.0971 0.0974 0.0977 0.0981 0.0985 0.0990 0.0994 0.0998 0.1001 0.1003 0.1004
0.0966 0.0966 0.0968 0.0972 0.0976 0.0981 0.0988 0.0994 0.1001 0.1007 0.1012 0.1015 0.1016
0.0964 0.0965 0.0967 0.0971 0.0977 0.0983 0.0991 0.1000 0.1009 0.1017 0.1023 0.1028 0.1029
0.0966 0.0966 0.0969 0.0973 0.0979 0.0987 0.0996 0.1007 0.1018 0.1028 0.1037 0.1042 0.1044
0.0969 0.0970 0.0972 0.0976 0.0983 0.0991 0.1002 0.1015 0.1028 0.1041 0.1051 0.1058 0.1060
0.0976 0.0977 0.0979 0.0982 0.0989 0.0998 0.1010 0.1024 0.1040 0.1054 0.1067 0.1075 0.1078
0.0987 0.0987 0.0988 0.0991 0.0997 0.1006 0.1019 0.1035 0.1052 0.1069 0.1083 0.1093 0.1096
0.1001 0.1001 0.1001 0.1003 0.1007 0.1016 0.1030 0.1047 0.1066 0.1085 0.1102 0.1112 0.1116
0.1020 0.1020 0.1018 0.1018 0.1021 0.1029 0.1042 0.1061 0.1082 0.1103 0.1121 0.1133 0.1138
0.1045 0.1043 0.1040 0.1037 0.1038 0.1044 0.1057 0.1076 0.1099 0.1122 0.1142 0.1155 0.1160
0.1075 0.1073 0.1067 0.1061 0.1058 0.1062 0.1074 0.1094 0.1118 0.1142 0.1164 0.1179 0.1184
0.1113 0.1109 0.1100 0.1089 0.1083 0.1084 0.1094 0.1113 0.1138 0.1165 0.1188 0.1205 0.1210
0.1159 0.1153 0.1140 0.1124 0.1112 0.1109 0.1117 0.1135 0.1161 0.1189 0.1214 0.1232 0.1238
0.1214 0.1207 0.1188 0.1165 0.1146 0.1138 0.1143 0.1160 0.1186 0.1216 0.1242 0.1261 0.1268
0.1281 0.1271 0.1246 0.1214 0.1187 0.1172 0.1173 0.1188 0.1214 0.1245 0.1273 0.1293 0.1300
