0.1059 0.1059 0.1059 0.1059 0.1059 0.1059 0.1059 0.1059 0.1059 0.1059 0.1059 0.1059 0.1059
0.1048 0.1048 0.1050 0.1052 0.1053 0.1056 0.1059 0.1063 0.1066 0.1068 0.1071 0.1072 0.1073
0.1040 0.1040 0.1042 0.1046 0.1050 0.1055 0.1060 0.1066 0.1073 0.1078 0.1082 0.1085 0.1086
0.1035 0.1035 0.1038 0.1041 0.1047 0.1054 0.1063 0.1072 0.1080 0.1089 0.1095 0.1100 0.1101
0.1032 0.1032 0.1035 0.1039 0.1046 0.1055 0.1066 0.1077 0.1089 0.1100 0.1110 0.1115 0.1118
0.1031 0.1032 0.1034 0.1039 0.1046 0.1056 0.1069 0.1084 0.1100 0.1114 0.1126 0.1134 0.1136
0.1034 0.1035 0.1037 0.1041 0.1048 0.1059 0.1074 0.1092 0.1110 0.1127 0.1142 0.1152 0.1155
0.1042 0.1042 0.1043 0.1046 0.1053 0.1064 0.1080 0.1100 0.1121 0.1142 0.1161 0.1172 0.1176
0.1054 0.1053 0.1053 0.1054 0.1059 0.1070 0.1087 0.1109 0.1134 0.1159 0.1180 0.1194 0.1198
0.1072 0.1070 0.1067 0.1066 0.1068 0.1079 0.1096 0.1120 0.1147 0.1175 0.1200 0.1215 0.1222
0.1097 0.1093 0.1087 0.1081 0.1081 0.1089 0.1107 0.1133 0.1163 0.1195 0.1222 0.1240 0.1246
0.1129 0.1125 0.1114 0.1103 0.1098 0.1102 0.1120 0.1146 0.1179 0.1214 0.1244 0.1264 0.1272
0.1172 0.1165 0.1148 0.1130 0.1118 0.1119 0.1134 0.1161 0.1197 0.1235 0.1269 0.1291 0.1299
0.1226 0.1216 0.1192 0.1164 0.1144 0.1139 0.1152 0.1180 0.1217 0.1258 0.1295 0.1320 0.1329
0.1294 0.1281 0.1248 0.1208 0.1176 0.1164 0.1173 0.1200 0.1239 0.1283 0.1323 0.1350 0.1360
0.1380 0.1364 0.1317 0.1261 0.1215 0.1194 0.1197 0.1223 0.1264 0.1310 0.1353 0.1383 0.1394
0.1490 0.1466 0.1402 0.1326 0.1264 0.1229 0.1227 0.1250 0.1292 0.1341 0.1386 0.1418 0.1430
