0.1066 0.1066 0.1066 0.1066 0.1066 0.1066 0.1066 0.1066 0.1066 0.1066 0.1066 0.1066 0.1066
0.1082 0.1081 0.1080 0.1077 0.1074 0.1071 0.1068 0.1065 0.1061 0.1059 0.1057 0.1056 0.1056
0.1100 0.1099 0.1096 0.1092 0.1086 0.1080 0.1073 0.1067 0.1062 0.1057 0.1055 0.1053 0.1052
0.1125 0.1123 0.1118 0.1111 0.1101 0.1092 0.1082 0.1073 0.1065 0.1059 0.1055 0.1053 0.1052
0.1157 0.1154 0.1147 0.1136 0.1122 0.1108 0.1094 0.1082 0.1072 0.1065 0.1060 0.1057 0.1056
0.1196 0.1192 0.1182 0.1166 0.1148 0.1128 0.1111 0.1095 0.1083 0.1074 0.1068 0.1065 0.1063
0.1243 0.1239 0.1224 0.1203 0.1179 0.1154 0.1131 0.1112 0.1097 0.1086 0.1080 0.1076 0.1075
0.1301 0.1295 0.1276 0.1248 0.1216 0.1185 0.1156 0.1132 0.1115 0.1103 0.1095 0.1091 0.1090
0.1370 0.1362 0.1337 0.1302 0.1261 0.1221 0.1185 0.1157 0.1136 0.1122 0.1114 0.1110 0.1109
0.1453 0.1442 0.1410 0.1364 0.1313 0.1264 0.1220 0.1186 0.1162 0.1146 0.1137 0.1132 0.1131
0.1552 0.1536 0.1496 0.1438 0.1374 0.1313 0.1260 0.1220 0.1191 0.1174 0.1164 0.1159 0.1157
0.1668 0.1649 0.1598 0.1525 0.1446 0.1370 0.1307 0.1259 0.1226 0.1206 0.1195 0.1189 0.1188
0.1806 0.1783 0.1718 0.1627 0.1528 0.1437 0.1361 0.1304 0.1266 0.1242 0.1230 0.1224 0.1222
0.1970 0.1941 0.1858 0.1745 0.1623 0.1512 0.1421 0.1355 0.1310 0.1283 0.1270 0.1263 0.1262
0.2164 0.2126 0.2023 0.1883 0.1734 0.1599 0.1491 0.1412 0.1360 0.1330 0.1314 0.1308 0.1306
0.2392 0.2344 0.2216 0.2042 0.1859 0.1697 0.1569 0.1477 0.1417 0.1382 0.1364 0.1356 0.1355
0.2660 0.2601 0.2441 0.2226 0.2003 0.1808 0.1656 0.1549 0.1480 0.1440 0.1420 0.1412 0.1410
