0.0913 0.0913 0.0913 0.0913 0.0913 0.0913 0.0913 0.0913 0.0913 0.0913 0.0913 0.0913 0.0913
0.0912 0.0913 0.0913 0.0913 0.0913 0.0914 0.0914 0.0914 0.0915 0.0915 0.0916 0.0916 0.0916
0.0913 0.0913 0.0913 0.0914 0.0914 0.0915 0.0916 0.0916 0.0917 0.0918 0.0918 0.0919 0.0919
0.0914 0.0914 0.0915 0.0916 0.0916 0.0917 0.0918 0.0919 0.0920 0.0921 0.0922 0.0923 0.0923
0.0917 0.0917 0.0918 0.0919 0.0920 0.0921 0.0922 0.0923 0.0925 0.0926 0.0927 0.0928 0.0928
0.0922 0.0922 0.0923 0.0924 0.0925 0.0926 0.0927 0.0929 0.0930 0.0932 0.0933 0.0934 0.0934
0.0929 0.0930 0.0930 0.0930 0.0931 0.0932 0.0934 0.0935 0.0937 0.0939 0.0940 0.0941 0.0941
0.0938 0.0938 0.0939 0.0939 0.0939 0.0940 0.0941 0.0943 0.0945 0.0946 0.0948 0.0949 0.0949
0.0950 0.0950 0.0949 0.0949 0.0950 0.0950 0.0951 0.0952 0.0954 0.0956 0.0957 0.0958 0.0959
0.0964 0.0963 0.0963 0.0962 0.0962 0.0962 0.0962 0.0964 0.0965 0.0967 0.0968 0.0969 0.0969
0.0980 0.0980 0.0979 0.0978 0.0977 0.0976 0.0976 0.0977 0.0978 0.0979 0.0981 0.0982 0.0982
0.1001 0.1000 0.0999 0.0997 0.0995 0.0993 0.0992 0.0992 0.0992 0.0993 0.0995 0.0995 0.0996
0.1025 0.1025 0.1022 0.1019 0.1016 0.1013 0.1011 0.1009 0.1009 0.1010 0.1011 0.1011 0.1011
0.1054 0.1053 0.1050 0.1046 0.1041 0.1036 0.1032 0.1030 0.1028 0.1028 0.1029 0.1029 0.1029
0.1088 0.1086 0.1082 0.1076 0.1069 0.1063 0.1057 0.1053 0.1050 0.1049 0.1049 0.1049 0.1049
0.1127 0.1125 0.1120 0.1112 0.1102 0.1093 0.1086 0.1079 0.1075 0.1073 0.1072 0.1072 0.1071
0.1173 0.1170 0.1163 0.1153 0.1141 0.1129 0.1118 0.1110 0.1104 0.1100 0.1098 0.1097 0.1097
