0.0926 0.0926 0.0926 0.0926 0.0926 0.0926 0.0926 0.0926 0.0926 0.0926 0.0926 0.0926 0.0926
0.0929 0.0929 0.0929 0.0928 0.0928 0.0928 0.0927 0.0927 0.0927 0.0927 0.0927 0.0927 0.0927
0.0933 0.0933 0.0932 0.0932 0.0931 0.0931 0.0930 0.0930 0.0929 0.0929 0.0929 0.0929 0.0929
0.0938 0.0938 0.0938 0.0937 0.0937 0.0936 0.0935 0.0934 0.0933 0.0933 0.0932 0.0932 0.0932
0.0946 0.0946 0.0946 0.0945 0.0944 0.0942 0.0941 0.0940 0.0939 0.0938 0.0938 0.0938 0.0938
0.0957 0.0957 0.0956 0.0955 0.0953 0.0951 0.0950 0.0948 0.0947 0.0945 0.0945 0.0944 0.0945
0.0971 0.0971 0.0969 0.0967 0.0965 0.0963 0.0960 0.0958 0.0956 0.0955 0.0954 0.0953 0.0953
0.0987 0.0987 0.0985 0.0982 0.0979 0.0976 0.0973 0.0970 0.0967 0.0966 0.0964 0.0964 0.0963
0.1007 0.1006 0.1004 0.1001 0.0997 0.0992 0.0988 0.0984 0.0981 0.0979 0.0977 0.0976 0.0976
0.1031 0.1030 0.1026 0.1022 0.1017 0.1011 0.1006 0.1001 0.0997 0.0994 0.0992 0.0991 0.0990
0.1058 0.1056 0.1053 0.1047 0.1041 0.1034 0.1026 0.1020 0.1015 0.1011 0.1009 0.1007 0.1007
0.1090 0.1088 0.1084 0.1077 0.1067 0.1059 0.1050 0.1042 0.1036 0.1032 0.1028 0.1026 0.1025
0.1126 0.1125 0.1119 0.1109 0.1099 0.1088 0.1078 0.1067 0.1059 0.1054 0.1050 0.1047 0.1047
0.1168 0.1166 0.1159 0.1148 0.1135 0.1122 0.1108 0.1096 0.1086 0.1079 0.1074 0.1072 0.1070
0.1216 0.1213 0.1205 0.1191 0.1176 0.1159 0.1142 0.1128 0.1117 0.1107 0.1101 0.1097 0.1096
0.1270 0.1266 0.1256 0.1241 0.1221 0.1201 0.1181 0.1164 0.1149 0.1139 0.1131 0.1127 0.1125
0.1331 0.1326 0.1313 0.1295 0.1272 0.1248 0.1224 0.1204 0.1186 0.1173 0.1165 0.1159 0.1158
