0.0878 0.0878 0.0878 0.0878 0.0878 0.0878 0.0878 0.0878 0.0878 0.0878 0.0878 0.0878 0.0878
0.0878 0.0878 0.0878 0.0879 0.0879 0.0879 0.0879 0.0879 0.0880 0.0880 0.0880 0.0880 0.0880
0.0880 0.0880 0.0880 0.0880 0.0880 0.0881 0.0881 0.0881 0.0882 0.0882 0.0883 0.0883 0.0883
0.0884 0.0884 0.0883 0.0883 0.0884 0.0884 0.0884 0.0885 0.0886 0.0886 0.0887 0.0887 0.0888
0.0889 0.0889 0.0888 0.0888 0.0888 0.0889 0.0889 0.0890 0.0891 0.0891 0.0892 0.0893 0.0893
0.0895 0.0895 0.0894 0.0894 0.0894 0.0895 0.0895 0.0896 0.0897 0.0898 0.0898 0.0899 0.0900
0.0903 0.0903 0.0903 0.0903 0.0903 0.0903 0.0903 0.0904 0.0905 0.0905 0.0906 0.0907 0.0907
0.0915 0.0914 0.0914 0.0914 0.0913 0.0913 0.0913 0.0914 0.0914 0.0915 0.0916 0.0916 0.0916
0.0929 0.0929 0.0928 0.0927 0.0926 0.0925 0.0925 0.0925 0.0925 0.0926 0.0927 0.0927 0.0927
0.0947 0.0946 0.0945 0.0943 0.0941 0.0940 0.0939 0.0939 0.0939 0.0939 0.0940 0.0940 0.0940
0.0968 0.0967 0.0966 0.0963 0.0960 0.0958 0.0956 0.0955 0.0954 0.0954 0.0954 0.0955 0.0955
0.0994 0.0993 0.0991 0.0987 0.0983 0.0979 0.0976 0.0973 0.0972 0.0972 0.0972 0.0972 0.0972
0.1025 0.1023 0.1020 0.1015 0.1010 0.1004 0.0999 0.0995 0.0993 0.0992 0.0992 0.0991 0.0991
0.1061 0.1059 0.1055 0.1049 0.1041 0.1033 0.1027 0.1022 0.1018 0.1015 0.1014 0.1014 0.1014
0.1103 0.1101 0.1096 0.1088 0.1078 0.1068 0.1059 0.1052 0.1046 0.1042 0.1040 0.1039 0.1039
0.1153 0.1150 0.1143 0.1133 0.1120 0.1108 0.1096 0.1086 0.1079 0.1073 0.1070 0.1068 0.1068
0.1211 0.1208 0.1199 0.1186 0.1170 0.1154 0.1139 0.1126 0.1116 0.1109 0.1104 0.1102 0.1101
