0.0877 0.0877 0.0877 0.0877 0.0877 0.0877 0.0877 0.0877 0.0877 0.0877 0.0877 0.0877 0.0877
0.0881 0.0881 0.0880 0.0880 0.0879 0.0879 0.0878 0.0878 0.0877 0.0877 0.0877 0.0876 0.0876
0.0888 0.0887 0.0886 0.0885 0.0883 0.0882 0.0881 0.0880 0.0879 0.0879 0.0879 0.0879 0.0879
0.0898 0.0898 0.0896 0.0893 0.0890 0.0887 0.0885 0.0884 0.0883 0.0883 0.0883 0.0884 0.0884
0.0912 0.0911 0.0908 0.0904 0.0899 0.0894 0.0891 0.0889 0.0888 0.0889 0.0890 0.0891 0.0891
0.0932 0.0930 0.0925 0.0919 0.0911 0.0904 0.0899 0.0896 0.0895 0.0897 0.0898 0.0900 0.0900
0.0957 0.0954 0.0947 0.0937 0.0926 0.0917 0.0909 0.0905 0.0905 0.0906 0.0909 0.0911 0.0912
0.0987 0.0984 0.0974 0.0960 0.0945 0.0932 0.0922 0.0917 0.0915 0.0917 0.0921 0.0924 0.0925
0.1026 0.1021 0.1007 0.0988 0.0968 0.0950 0.0937 0.0930 0.0928 0.0931 0.0935 0.0938 0.0939
0.1075 0.1068 0.1049 0.1023 0.0996 0.0972 0.0955 0.0945 0.0943 0.0945 0.0950 0.0954 0.0956
0.1135 0.1125 0.1100 0.1065 0.1029 0.0998 0.0976 0.0963 0.0959 0.0962 0.0968 0.0972 0.0974
0.1208 0.1195 0.1161 0.1116 0.1069 0.1029 0.1001 0.0984 0.0978 0.0981 0.0987 0.0992 0.0995
0.1299 0.1284 0.1237 0.1177 0.1116 0.1066 0.1029 0.1008 0.1000 0.1002 0.1009 0.1015 0.1018
0.1410 0.1387 0.1329 0.1252 0.1173 0.1108 0.1063 0.1036 0.1025 0.1026 0.1032 0.1039 0.1043
0.1549 0.1520 0.1442 0.1341 0.1241 0.1159 0.1101 0.1067 0.1053 0.1052 0.1059 0.1066 0.1070
0.1718 0.1680 0.1579 0.1449 0.1321 0.1218 0.1146 0.1104 0.1084 0.1082 0.1088 0.1095 0.1099
0.1927 0.1877 0.1748 0.1579 0.1417 0.1287 0.1198 0.1146 0.1121 0.1116 0.1121 0.1128 0.1132
