0.0847 0.0847 0.0847 0.0847 0.0847 0.0847 0.0847 0.0847 0.0847 0.0847 0.0847 0.0847 0.0847
0.0844 0.0844 0.0845 0.0845 0.0846 0.0847 0.0847 0.0848 0.0849 0.0850 0.0850 0.0851 0.0851
0.0842 0.0842 0.0843 0.0844 0.0845 0.0846 0.0848 0.0849 0.0851 0.0852 0.0853 0.0854 0.0855
0.0838 0.0838 0.0842 0.0843 0.0845 0.0847 0.0849 0.0851 0.0853 0.0855 0.0857 0.0859 0.0860
0.0838 0.0839 0.0842 0.0843 0.0846 0.0848 0.0851 0.0853 0.0856 0.0859 0.0861 0.0863 0.0865
0.0839 0.0839 0.0842 0.0844 0.0847 0.0850 0.0853 0.0856 0.0860 0.0863 0.0865 0.0867 0.0868
0.0842 0.0843 0.0844 0.0846 0.0849 0.0852 0.0856 0.0860 0.0864 0.0867 0.0870 0.0872 0.0872
0.0845 0.0846 0.0847 0.0849 0.0852 0.0855 0.0859 0.0864 0.0868 0.0872 0.0875 0.0877 0.0878
0.0850 0.0850 0.0851 0.0853 0.0856 0.0860 0.0864 0.0869 0.0874 0.0878 0.0881 0.0883 0.0884
0.0857 0.0857 0.0858 0.0860 0.0862 0.0866 0.0870 0.0875 0.0880 0.0884 0.0888 0.0890 0.0891
0.0866 0.0866 0.0867 0.0868 0.0870 0.0873 0.0877 0.0882 0.0887 0.0892 0.0896 0.0898 0.0899
0.0878 0.0878 0.0878 0.0879 0.0880 0.0883 0.0886 0.0891 0.0896 0.0900 0.0904 0.0908 0.0908
0.0893 0.0893 0.0892 0.0892 0.0893 0.0895 0.0898 0.0901 0.0906 0.0910 0.0915 0.0918 0.0918
0.0910 0.0910 0.0909 0.0909 0.0908 0.0909 0.0911 0.0915 0.0918 0.0922 0.0927 0.0929 0.0930
0.0934 0.0933 0.0931 0.0929 0.0928 0.0928 0.0928 0.0929 0.0933 0.0937 0.0939 0.0942 0.0943
0.0962 0.0961 0.0958 0.0955 0.0951 0.0949 0.0948 0.0948 0.0950 0.0953 0.0956 0.0957 0.0958
0.0996 0.0994 0.0990 0.0986 0.0980 0.0975 0.0972 0.0971 0.0971 0.0973 0.0976 0.0976 0.0977
