0.0832 0.0832 0.0832 0.0832 0.0832 0.0832 0.0832 0.0832 0.0832 0.0832 0.0832 0.0832 0.0832
0.0834 0.0834 0.0834 0.0834 0.0834 0.0834 0.0833 0.0833 0.0833 0.0833 0.0833 0.0832 0.0832
0.0839 0.0838 0.0838 0.0838 0.0837 0.0836 0.0836 0.0835 0.0835 0.0834 0.0834 0.0834 0.0834
0.0845 0.0845 0.0844 0.0843 0.0842 0.0841 0.0840 0.0839 0.0838 0.0838 0.0838 0.0838 0.0838
0.0853 0.0853 0.0851 0.0850 0.0849 0.0847 0.0846 0.0844 0.0844 0.0843 0.0842 0.0843 0.0843
0.0863 0.0863 0.0861 0.0859 0.0857 0.0856 0.0854 0.0852 0.0851 0.0849 0.0849 0.0849 0.0849
0.0875 0.0875 0.0874 0.0871 0.0869 0.0866 0.0864 0.0861 0.0859 0.0858 0.0857 0.0856 0.0856
0.0891 0.0890 0.0889 0.0886 0.0882 0.0879 0.0875 0.0872 0.0870 0.0868 0.0867 0.0866 0.0866
0.0911 0.0910 0.0907 0.0903 0.0899 0.0894 0.0890 0.0886 0.0883 0.0880 0.0879 0.0877 0.0877
0.0934 0.0933 0.0930 0.0925 0.0919 0.0913 0.0907 0.0902 0.0898 0.0895 0.0892 0.0891 0.0891
0.0962 0.0961 0.0957 0.0951 0.0943 0.0935 0.0927 0.0921 0.0915 0.0911 0.0908 0.0907 0.0906
0.0996 0.0994 0.0988 0.0980 0.0971 0.0961 0.0951 0.0942 0.0936 0.0930 0.0927 0.0925 0.0924
0.1034 0.1032 0.1026 0.1016 0.1003 0.0991 0.0979 0.0967 0.0959 0.0952 0.0948 0.0946 0.0945
0.1079 0.1076 0.1068 0.1056 0.1041 0.1025 0.1010 0.0997 0.0986 0.0978 0.0972 0.0969 0.0968
0.1131 0.1128 0.1118 0.1103 0.1085 0.1066 0.1047 0.1030 0.1017 0.1006 0.1000 0.0996 0.0994
0.1191 0.1187 0.1175 0.1157 0.1135 0.1111 0.1089 0.1069 0.1052 0.1040 0.1031 0.1026 0.1024
0.1259 0.1254 0.1240 0.1218 0.1192 0.1163 0.1136 0.1112 0.1092 0.1077 0.1066 0.1060 0.1058
