0.0987 0.0987 0.0987 0.0987 0.0987 0.0987 0.0987 0.0987 0.0987 0.0987 0.0987 0.0987 0.0987
0.0992 0.0992 0.0992 0.0991 0.0990 0.0989 0.0988 0.0987 0.0986 0.0985 0.0985 0.0984 0.0984
0.1000 0.0999 0.0998 0.0997 0.0996 0.0994 0.0992 0.0990 0.0989 0.0987 0.0986 0.0985 0.0985
0.1010 0.1010 0.1009 0.1007 0.1004 0.1001 0.0998 0.0996 0.0994 0.0991 0.0990 0.0989 0.0989
0.1024 0.1024 0.1022 0.1019 0.1016 0.1011 0.1008 0.1004 0.1000 0.0997 0.0996 0.0995 0.0995
0.1041 0.1040 0.1037 0.1035 0.1030 0.1025 0.1020 0.1015 0.1010 0.1007 0.1004 0.1003 0.1002
0.1062 0.1061 0.1058 0.1053 0.1048 0.1041 0.1035 0.1028 0.1023 0.1019 0.1015 0.1013 0.1012
0.1086 0.1085 0.1081 0.1076 0.1068 0.1061 0.1052 0.1045 0.1038 0.1033 0.1029 0.1026 0.1025
0.1115 0.1113 0.1109 0.1102 0.1093 0.1083 0.1074 0.1064 0.1056 0.1050 0.1045 0.1042 0.1041
0.1148 0.1146 0.1141 0.1132 0.1121 0.1110 0.1098 0.1087 0.1078 0.1069 0.1064 0.1060 0.1059
0.1186 0.1185 0.1178 0.1168 0.1155 0.1141 0.1126 0.1113 0.1102 0.1092 0.1085 0.1081 0.1080
0.1231 0.1228 0.1220 0.1208 0.1192 0.1175 0.1159 0.1143 0.1129 0.1118 0.1110 0.1105 0.1104
0.1281 0.1277 0.1268 0.1253 0.1234 0.1214 0.1194 0.1175 0.1159 0.1146 0.1137 0.1132 0.1130
0.1336 0.1332 0.1321 0.1303 0.1281 0.1258 0.1234 0.1213 0.1193 0.1178 0.1168 0.1161 0.1159
0.1398 0.1393 0.1380 0.1360 0.1335 0.1307 0.1279 0.1254 0.1231 0.1214 0.1201 0.1194 0.1191
0.1467 0.1461 0.1445 0.1421 0.1392 0.1360 0.1327 0.1298 0.1272 0.1253 0.1238 0.1229 0.1227
0.1542 0.1536 0.1517 0.1489 0.1455 0.1417 0.1380 0.1347 0.1317 0.1294 0.1278 0.1268 0.1264
