0.0944 0.0944 0.0944 0.0944 0.0944 0.0944 0.0944 0.0944 0.0944 0.0944 0.0944 0.0944 0.0944
0.0944 0.0944 0.0944 0.0944 0.0944 0.0945 0.0945 0.0945 0.0946 0.0946 0.0947 0.0947 0.0947
0.0947 0.0947 0.0947 0.0947 0.0947 0.0947 0.0948 0.0948 0.0949 0.0950 0.0951 0.0951 0.0952
0.0952 0.0952 0.0952 0.0951 0.0951 0.0951 0.0952 0.0953 0.0954 0.0956 0.0957 0.0958 0.0958
0.0961 0.0960 0.0960 0.0958 0.0958 0.0957 0.0958 0.0959 0.0961 0.0963 0.0965 0.0966 0.0967
0.0973 0.0972 0.0971 0.0969 0.0967 0.0966 0.0966 0.0967 0.0969 0.0972 0.0974 0.0976 0.0977
0.0989 0.0988 0.0986 0.0982 0.0979 0.0976 0.0975 0.0977 0.0979 0.0982 0.0985 0.0988 0.0989
0.1010 0.1008 0.1004 0.0999 0.0994 0.0990 0.0988 0.0988 0.0991 0.0994 0.0998 0.1001 0.1002
0.1036 0.1034 0.1028 0.1020 0.1012 0.1006 0.1002 0.1002 0.1004 0.1008 0.1013 0.1016 0.1017
0.1068 0.1065 0.1057 0.1046 0.1035 0.1025 0.1019 0.1018 0.1020 0.1024 0.1029 0.1033 0.1034
0.1108 0.1104 0.1093 0.1077 0.1062 0.1049 0.1040 0.1036 0.1038 0.1042 0.1047 0.1051 0.1053
0.1155 0.1149 0.1135 0.1115 0.1094 0.1076 0.1064 0.1058 0.1058 0.1062 0.1067 0.1072 0.1074
0.1212 0.1205 0.1186 0.1160 0.1132 0.1108 0.1091 0.1082 0.1081 0.1084 0.1090 0.1094 0.1096
0.1281 0.1272 0.1247 0.1213 0.1176 0.1145 0.1123 0.1110 0.1106 0.1109 0.1114 0.1119 0.1121
0.1363 0.1351 0.1319 0.1275 0.1229 0.1189 0.1159 0.1142 0.1135 0.1137 0.1142 0.1147 0.1148
0.1461 0.1446 0.1405 0.1349 0.1290 0.1239 0.1201 0.1178 0.1168 0.1167 0.1172 0.1176 0.1178
0.1578 0.1559 0.1506 0.1435 0.1361 0.1297 0.1249 0.1219 0.1204 0.1202 0.1205 0.1210 0.1212
