0.1193 0.1193 0.1193 0.1193 0.1193 0.1193 0.1193 0.1193 0.1193 0.1193 0.1193 0.1193 0.1193
0.1184 0.1184 0.1185 0.1186 0.1188 0.1191 0.1193 0.1195 0.1197 0.1198 0.1200 0.1201 0.1201
0.1177 0.1177 0.1178 0.1180 0.1184 0.1187 0.1191 0.1195 0.1199 0.1202 0.1205 0.1206 0.1207
0.1171 0.1172 0.1170 0.1174 0.1178 0.1183 0.1189 0.1195 0.1201 0.1205 0.1209 0.1211 0.1213
0.1159 0.1160 0.1162 0.1166 0.1172 0.1179 0.1186 0.1194 0.1201 0.1208 0.1213 0.1216 0.1217
0.1147 0.1148 0.1153 0.1158 0.1166 0.1174 0.1183 0.1193 0.1201 0.1209 0.1215 0.1219 0.1221
0.1139 0.1140 0.1144 0.1150 0.1159 0.1168 0.1179 0.1191 0.1201 0.1210 0.1217 0.1222 0.1223
0.1129 0.1131 0.1135 0.1142 0.1152 0.1162 0.1175 0.1188 0.1200 0.1210 0.1219 0.1224 0.1226
0.1120 0.1121 0.1126 0.1134 0.1144 0.1157 0.1170 0.1184 0.1198 0.1210 0.1219 0.1225 0.1227
0.1111 0.1113 0.1118 0.1126 0.1137 0.1151 0.1166 0.1181 0.1196 0.1209 0.1219 0.1226 0.1228
0.1103 0.1104 0.1110 0.1119 0.1131 0.1145 0.1161 0.1178 0.1194 0.1208 0.1219 0.1227 0.1229
0.1096 0.1098 0.1103 0.1112 0.1125 0.1140 0.1157 0.1174 0.1192 0.1207 0.1219 0.1227 0.1230
0.1090 0.1092 0.1098 0.1107 0.1120 0.1135 0.1153 0.1171 0.1190 0.1206 0.1219 0.1227 0.1230
0.1086 0.1088 0.1094 0.1103 0.1116 0.1132 0.1150 0.1169 0.1188 0.1205 0.1219 0.1227 0.1230
0.1085 0.1086 0.1092 0.1101 0.1114 0.1130 0.1148 0.1168 0.1187 0.1205 0.1219 0.1228 0.1231
0.1086 0.1088 0.1093 0.1102 0.1114 0.1129 0.1148 0.1168 0.1187 0.1205 0.1220 0.1229 0.1232
0.1091 0.1092 0.1097 0.1105 0.1117 0.1132 0.1149 0.1169 0.1189 0.1207 0.1222 0.1232 0.1235
