0.1055 0.1055 0.1055 0.1055 0.1055 0.1055 0.1055 0.1055 0.1055 0.1055 0.1055 0.1055 0.1055
0.1041 0.1042 0.1043 0.1045 0.1048 0.1052 0.1056 0.1060 0.1063 0.1066 0.1069 0.1071 0.1071
0.1031 0.1032 0.1034 0.1038 0.1043 0.1049 0.1057 0.1064 0.1071 0.1077 0.1082 0.1085 0.1086
0.1022 0.1023 0.1026 0.1031 0.1039 0.1047 0.1058 0.1069 0.1079 0.1089 0.1096 0.1101 0.1103
0.1015 0.1017 0.1020 0.1027 0.1035 0.1047 0.1060 0.1074 0.1088 0.1101 0.1112 0.1119 0.1121
0.1011 0.1013 0.1017 0.1023 0.1033 0.1046 0.1062 0.1080 0.1098 0.1115 0.1128 0.1137 0.1140
0.1010 0.1011 0.1015 0.1022 0.1033 0.1048 0.1066 0.1087 0.1108 0.1129 0.1145 0.1156 0.1160
0.1012 0.1013 0.1017 0.1024 0.1034 0.1050 0.1070 0.1094 0.1119 0.1143 0.1163 0.1176 0.1181
0.1019 0.1019 0.1022 0.1027 0.1038 0.1053 0.1076 0.1102 0.1131 0.1159 0.1182 0.1197 0.1202
0.1031 0.1031 0.1031 0.1034 0.1043 0.1059 0.1082 0.1111 0.1143 0.1175 0.1201 0.1218 0.1224
0.1048 0.1047 0.1045 0.1045 0.1052 0.1067 0.1090 0.1121 0.1156 0.1191 0.1221 0.1241 0.1248
0.1072 0.1069 0.1064 0.1061 0.1064 0.1077 0.1100 0.1133 0.1170 0.1209 0.1242 0.1264 0.1272
0.1102 0.1099 0.1090 0.1081 0.1080 0.1089 0.1112 0.1145 0.1186 0.1227 0.1263 0.1288 0.1297
0.1149 0.1142 0.1125 0.1108 0.1100 0.1105 0.1126 0.1160 0.1202 0.1247 0.1286 0.1313 0.1323
0.1200 0.1191 0.1169 0.1143 0.1126 0.1125 0.1142 0.1176 0.1221 0.1268 0.1310 0.1339 0.1350
0.1271 0.1258 0.1225 0.1187 0.1158 0.1149 0.1162 0.1195 0.1241 0.1291 0.1335 0.1366 0.1377
0.1359 0.1342 0.1296 0.1241 0.1198 0.1179 0.1186 0.1217 0.1263 0.1315 0.1362 0.1395 0.1407
