0.0971 0.0971 0.0971 0.0971 0.0971 0.0971 0.0971 0.0971 0.0971 0.0971 0.0971 0.0971 0.0971
0.0971 0.0971 0.0971 0.0971 0.0971 0.0971 0.0971 0.0971 0.0971 0.0971 0.0971 0.0971 0.0971
0.0972 0.0972 0.0972 0.0972 0.0972 0.0972 0.0972 0.0972 0.0972 0.0972 0.0972 0.0972 0.0972
0.0973 0.0973 0.0973 0.0973 0.0973 0.0973 0.0973 0.0973 0.0973 0.0973 0.0973 0.0973 0.0973
0.0975 0.0975 0.0975 0.0975 0.0975 0.0975 0.0975 0.0975 0.0975 0.0975 0.0975 0.0975 0.0975
0.0976 0.0976 0.0976 0.0976 0.0976 0.0976 0.0976 0.0976 0.0976 0.0976 0.0976 0.0976 0.0976
0.0979 0.0979 0.0979 0.0979 0.0979 0.0979 0.0979 0.0979 0.0979 0.0979 0.0979 0.0979 0.0979
0.0982 0.0982 0.0982 0.0982 0.0982 0.0982 0.0982 0.0982 0.0982 0.0982 0.0982 0.0982 0.0982
0.0986 0.0986 0.0986 0.0986 0.0986 0.0986 0.0986 0.0986 0.0986 0.0986 0.0986 0.0986 0.0986
0.0991 0.0991 0.0991 0.0991 0.0991 0.0991 0.0991 0.0991 0.0991 0.0991 0.0991 0.0991 0.0991
0.0997 0.0997 0.0997 0.0997 0.0997 0.0997 0.0997 0.0997 0.0997 0.0997 0.0997 0.0997 0.0997
0.1005 0.1005 0.1005 0.1005 0.1005 0.1005 0.1005 0.1005 0.1005 0.1005 0.1005 0.1005 0.1005
0.1014 0.1014 0.1014 0.1014 0.1014 0.1014 0.1014 0.1014 0.1014 0.1014 0.1014 0.1014 0.1014
0.1026 0.1026 0.1026 0.1026 0.1026 0.1026 0.1026 0.1026 0.1026 0.1026 0.1026 0.1026 0.1026
0.1038 0.1038 0.1038 0.1038 0.1038 0.1038 0.1038 0.1038 0.1038 0.1038 0.1038 0.1038 0.1038
0.1055 0.1055 0.1055 0.1055 0.1055 0.1055 0.1055 0.1055 0.1055 0.1055 0.1055 0.1055 0.1055
0.1074 0.1074 0.1074 0.1074 0.1074 0.1074 0.1074 0.1074 0.1074 0.1074 0.1074 0.1074 0.1074
