0.0968 0.0968 0.0968 0.0968 0.0968 0.0968 0.0968 0.0968 0.0968 0.0968 0.0968 0.0968 0.0968
0.0969 0.0969 0.0969 0.0969 0.0969 0.0969 0.0969 0.0970 0.0970 0.0971 0.0971 0.0972 0.0972
0.0972 0.0972 0.0971 0.0971 0.0971 0.0972 0.0972 0.0973 0.0974 0.0975 0.0976 0.0977 0.0977
0.0978 0.0977 0.0977 0.0977 0.0976 0.0976 0.0977 0.0978 0.0979 0.0981 0.0983 0.0984 0.0985
0.0987 0.0987 0.0986 0.0985 0.0983 0.0983 0.0983 0.0985 0.0987 0.0990 0.0992 0.0993 0.0994
0.1001 0.1000 0.0998 0.0996 0.0993 0.0992 0.0992 0.0993 0.0996 0.1000 0.1003 0.1005 0.1006
0.1020 0.1019 0.1015 0.1011 0.1006 0.1003 0.1003 0.1004 0.1007 0.1011 0.1016 0.1019 0.1020
0.1043 0.1042 0.1037 0.1029 0.1023 0.1018 0.1016 0.1016 0.1020 0.1025 0.1031 0.1034 0.1036
0.1074 0.1071 0.1063 0.1053 0.1043 0.1035 0.1032 0.1032 0.1035 0.1041 0.1047 0.1052 0.1053
0.1111 0.1107 0.1096 0.1082 0.1068 0.1057 0.1050 0.1049 0.1053 0.1059 0.1066 0.1072 0.1074
0.1157 0.1151 0.1137 0.1117 0.1097 0.1082 0.1072 0.1069 0.1073 0.1080 0.1088 0.1094 0.1096
0.1212 0.1205 0.1186 0.1160 0.1133 0.1111 0.1098 0.1093 0.1095 0.1103 0.1111 0.1118 0.1121
0.1280 0.1271 0.1245 0.1210 0.1175 0.1146 0.1128 0.1120 0.1121 0.1129 0.1138 0.1145 0.1148
0.1362 0.1349 0.1316 0.1270 0.1225 0.1187 0.1162 0.1150 0.1150 0.1157 0.1167 0.1175 0.1178
0.1461 0.1445 0.1401 0.1342 0.1283 0.1235 0.1202 0.1186 0.1183 0.1189 0.1199 0.1207 0.1211
0.1579 0.1558 0.1502 0.1427 0.1352 0.1290 0.1248 0.1226 0.1220 0.1225 0.1235 0.1244 0.1247
0.1722 0.1695 0.1623 0.1528 0.1432 0.1354 0.1300 0.1271 0.1261 0.1265 0.1275 0.1284 0.1288
