0.0969 0.0969 0.0969 0.0969 0.0969 0.0969 0.0969 0.0969 0.0969 0.0969 0.0969 0.0969 0.0969
0.0978 0.0978 0.0977 0.0976 0.0974 0.0973 0.0971 0.0969 0.0967 0.0966 0.0965 0.0965 0.0965
0.0990 0.0990 0.0988 0.0985 0.0982 0.0979 0.0975 0.0972 0.0969 0.0967 0.0966 0.0965 0.0965
0.1007 0.1006 0.1003 0.0999 0.0993 0.0988 0.0982 0.0977 0.0974 0.0971 0.0969 0.0968 0.0968
0.1029 0.1027 0.1023 0.1016 0.1008 0.1000 0.0993 0.0986 0.0981 0.0978 0.0975 0.0974 0.0974
0.1057 0.1054 0.1048 0.1039 0.1027 0.1016 0.1006 0.0998 0.0992 0.0988 0.0985 0.0984 0.0984
0.1091 0.1088 0.1079 0.1066 0.1051 0.1036 0.1023 0.1012 0.1005 0.1000 0.0998 0.0997 0.0997
0.1134 0.1130 0.1118 0.1100 0.1080 0.1061 0.1044 0.1031 0.1022 0.1017 0.1014 0.1013 0.1013
0.1186 0.1180 0.1164 0.1141 0.1115 0.1090 0.1069 0.1053 0.1042 0.1036 0.1034 0.1033 0.1033
0.1248 0.1241 0.1219 0.1189 0.1156 0.1125 0.1098 0.1079 0.1066 0.1060 0.1057 0.1056 0.1056
0.1324 0.1314 0.1286 0.1247 0.1205 0.1165 0.1133 0.1109 0.1094 0.1087 0.1084 0.1083 0.1083
0.1415 0.1402 0.1366 0.1316 0.1263 0.1213 0.1174 0.1145 0.1127 0.1118 0.1115 0.1114 0.1114
0.1524 0.1508 0.1462 0.1398 0.1331 0.1270 0.1221 0.1187 0.1166 0.1155 0.1151 0.1150 0.1151
0.1656 0.1635 0.1575 0.1495 0.1411 0.1335 0.1276 0.1235 0.1210 0.1197 0.1192 0.1192 0.1192
0.1815 0.1787 0.1711 0.1610 0.1503 0.1411 0.1339 0.1290 0.1260 0.1245 0.1240 0.1239 0.1240
0.2004 0.1969 0.1873 0.1746 0.1613 0.1499 0.1412 0.1353 0.1318 0.1300 0.1294 0.1293 0.1293
0.2231 0.2187 0.2066 0.1905 0.1742 0.1602 0.1496 0.1426 0.1384 0.1363 0.1356 0.1354 0.1355
