0.0784 0.0784 0.0784 0.0784 0.0784 0.0784 0.0784 0.0784 0.0784 0.0784 0.0784 0.0784 0.0784
0.0784 0.0784 0.0784 0.0784 0.0784 0.0784 0.0784 0.0784 0.0784 0.0784 0.0784 0.0784 0.0784
0.0786 0.0786 0.0786 0.0786 0.0786 0.0786 0.0786 0.0786 0.0786 0.0786 0.0786 0.0786 0.0786
0.0789 0.0789 0.0789 0.0789 0.0789 0.0789 0.0789 0.0789 0.0789 0.0789 0.0789 0.0789 0.0789
0.0793 0.0793 0.0793 0.0793 0.0793 0.0793 0.0793 0.0793 0.0793 0.0793 0.0793 0.0793 0.0793
0.0799 0.0799 0.0799 0.0799 0.0799 0.0799 0.0799 0.0799 0.0799 0.0799 0.0799 0.0799 0.0799
0.0806 0.0806 0.0806 0.0806 0.0806 0.0806 0.0806 0.0806 0.0806 0.0806 0.0806 0.0806 0.0806
0.0815 0.0815 0.0815 0.0815 0.0815 0.0815 0.0815 0.0815 0.0815 0.0815 0.0815 0.0815 0.0815
0.0825 0.0825 0.0825 0.0825 0.0825 0.0825 0.0825 0.0825 0.0825 0.0825 0.0825 0.0825 0.0825
0.0839 0.0839 0.0839 0.0839 0.0839 0.0839 0.0839 0.0839 0.0839 0.0839 0.0839 0.0839 0.0839
0.0854 0.0854 0.0854 0.0854 0.0854 0.0854 0.0854 0.0854 0.0854 0.0854 0.0854 0.0854 0.0854
0.0872 0.0872 0.0872 0.0872 0.0872 0.0872 0.0872 0.0872 0.0872 0.0872 0.0872 0.0872 0.0872
0.0894 0.0894 0.0894 0.0894 0.0894 0.0894 0.0894 0.0894 0.0894 0.0894 0.0894 0.0894 0.0894
0.0920 0.0920 0.0920 0.0920 0.0920 0.0920 0.0920 0.0920 0.0920 0.0920 0.0920 0.0920 0.0920
0.0950 0.0950 0.0950 0.0950 0.0950 0.0950 0.0950 0.0950 0.0950 0.0950 0.0950 0.0950 0.0950
0.0985 0.0985 0.0985 0.0985 0.0985 0.0985 0.0985 0.0985 0.0985 0.0985 0.0985 0.0985 0.0985
0.1026 0.1026 0.1026 0.1026 0.1026 0.1026 0.1026 0.1026 0.1026 0.1026 0.1026 0.1026 0.1026
