0.0938 0.0938 0.0938 0.0938 0.0938 0.0938 0.0938 0.0938 0.0938 0.0938 0.0938 0.0938 0.0938
0.0939 0.0939 0.0939 0.0939 0.0939 0.0939 0.0939 0.0939 0.0939 0.0939 0.0939 0.0939 0.0939
0.0939 0.0939 0.0939 0.0939 0.0939 0.0939 0.0939 0.0939 0.0939 0.0939 0.0939 0.0939 0.0939
0.0941 0.0941 0.0941 0.0941 0.0941 0.0941 0.0941 0.0941 0.0941 0.0941 0.0941 0.0941 0.0941
0.0945 0.0945 0.0945 0.0945 0.0945 0.0945 0.0945 0.0945 0.0945 0.0945 0.0945 0.0945 0.0945
0.0949 0.0949 0.0949 0.0949 0.0949 0.0949 0.0949 0.0949 0.0949 0.0949 0.0949 0.0949 0.0949
0.0955 0.0955 0.0955 0.0955 0.0955 0.0955 0.0955 0.0955 0.0955 0.0955 0.0955 0.0955 0.0955
0.0963 0.0963 0.0963 0.0963 0.0963 0.0963 0.0963 0.0963 0.0963 0.0963 0.0963 0.0963 0.0963
0.0971 0.0971 0.0971 0.0971 0.0971 0.0971 0.0971 0.0971 0.0971 0.0971 0.0971 0.0971 0.0971
0.0982 0.0982 0.0982 0.0982 0.0982 0.0982 0.0982 0.0982 0.0982 0.0982 0.0982 0.0982 0.0982
0.0994 0.0994 0.0994 0.0994 0.0994 0.0994 0.0994 0.0994 0.0994 0.0994 0.0994 0.0994 0.0994
0.1008 0.1008 0.1008 0.1008 0.1008 0.1008 0.1008 0.1008 0.1008 0.1008 0.1008 0.1008 0.1008
0.1025 0.1025 0.1025 0.1025 0.1025 0.1025 0.1025 0.1025 0.1025 0.1025 0.1025 0.1025 0.1025
0.1044 0.1044 0.1044 0.1044 0.1044 0.1044 0.1044 0.1044 0.1044 0.1044 0.1044 0.1044 0.1044
0.1066 0.1066 0.1066 0.1066 0.1066 0.1066 0.1066 0.1066 0.1066 0.1066 0.1066 0.1066 0.1066
0.1092 0.1092 0.1092 0.1092 0.1092 0.1092 0.1092 0.1092 0.1092 0.1092 0.1092 0.1092 0.1092
0.1121 0.1121 0.1121 0.1121 0.1121 0.1121 0.1121 0.1121 0.1121 0.1121 0.1121 0.1121 0.1121
