0.1014 0.1014 0.1014 0.1014 0.1014 0.1014 0.1014 0.1014 0.1014 0.1014 0.1014 0.1014 0.1014
0.1018 0.1018 0.1017 0.1017 0.1016 0.1016 0.1016 0.1015 0.1014 0.1014 0.1014 0.1014 0.1014
0.1024 0.1024 0.1024 0.1023 0.1022 0.1020 0.1019 0.1018 0.1017 0.1017 0.1017 0.1017 0.1017
0.1035 0.1035 0.1033 0.1031 0.1029 0.1027 0.1024 0.1023 0.1023 0.1023 0.1023 0.1023 0.1023
0.1050 0.1049 0.1047 0.1043 0.1039 0.1036 0.1033 0.1031 0.1030 0.1030 0.1031 0.1032 0.1032
0.1070 0.1069 0.1065 0.1059 0.1053 0.1048 0.1044 0.1042 0.1040 0.1041 0.1042 0.1043 0.1043
0.1095 0.1094 0.1088 0.1080 0.1071 0.1063 0.1058 0.1054 0.1053 0.1054 0.1055 0.1056 0.1057
0.1127 0.1124 0.1117 0.1105 0.1093 0.1082 0.1074 0.1069 0.1068 0.1069 0.1071 0.1073 0.1074
0.1166 0.1162 0.1151 0.1136 0.1119 0.1105 0.1094 0.1088 0.1086 0.1087 0.1090 0.1092 0.1093
0.1214 0.1208 0.1193 0.1173 0.1151 0.1131 0.1117 0.1110 0.1107 0.1108 0.1111 0.1114 0.1115
0.1271 0.1264 0.1244 0.1216 0.1188 0.1163 0.1145 0.1134 0.1131 0.1132 0.1136 0.1139 0.1140
0.1340 0.1331 0.1305 0.1269 0.1232 0.1200 0.1176 0.1163 0.1158 0.1159 0.1163 0.1167 0.1169
0.1422 0.1410 0.1376 0.1331 0.1283 0.1242 0.1213 0.1196 0.1189 0.1190 0.1195 0.1199 0.1201
0.1520 0.1504 0.1462 0.1403 0.1343 0.1292 0.1255 0.1233 0.1224 0.1224 0.1229 0.1234 0.1236
0.1637 0.1617 0.1562 0.1488 0.1413 0.1349 0.1303 0.1276 0.1264 0.1263 0.1268 0.1273 0.1275
0.1776 0.1750 0.1680 0.1588 0.1493 0.1414 0.1357 0.1323 0.1308 0.1306 0.1311 0.1316 0.1319
0.1941 0.1908 0.1820 0.1703 0.1586 0.1489 0.1419 0.1377 0.1358 0.1355 0.1359 0.1365 0.1368
