0.0954 0.0954 0.0954 0.0954 0.0954 0.0954 0.0954 0.0954 0.0954 0.0954 0.0954 0.0954 0.0954
0.0944 0.0944 0.0945 0.0947 0.0949 0.0952 0.0954 0.0957 0.0960 0.0962 0.0964 0.0965 0.0966
0.0937 0.0937 0.0939 0.0942 0.0946 0.0950 0.0955 0.0961 0.0966 0.0970 0.0974 0.0976 0.0977
0.0931 0.0931 0.0934 0.0938 0.0943 0.0950 0.0957 0.0965 0.0973 0.0980 0.0985 0.0988 0.0990
0.0926 0.0927 0.0930 0.0935 0.0942 0.0950 0.0960 0.0971 0.0981 0.0990 0.0997 0.1002 0.1004
0.0924 0.0925 0.0928 0.0934 0.0942 0.0952 0.0964 0.0977 0.0989 0.1001 0.1010 0.1016 0.1019
0.0923 0.0925 0.0928 0.0934 0.0943 0.0955 0.0969 0.0984 0.0999 0.1013 0.1025 0.1032 0.1035
0.0926 0.0927 0.0930 0.0937 0.0946 0.0959 0.0974 0.0992 0.1009 0.1026 0.1040 0.1049 0.1052
0.0930 0.0931 0.0935 0.0941 0.0951 0.0964 0.0981 0.1001 0.1021 0.1040 0.1056 0.1067 0.1070
0.0938 0.0939 0.0942 0.0947 0.0957 0.0971 0.0989 0.1011 0.1033 0.1055 0.1073 0.1084 0.1088
0.0949 0.0949 0.0952 0.0957 0.0966 0.0980 0.0999 0.1022 0.1047 0.1071 0.1090 0.1104 0.1109
0.0964 0.0964 0.0965 0.0969 0.0977 0.0990 0.1010 0.1035 0.1061 0.1088 0.1110 0.1125 0.1130
0.0983 0.0982 0.0982 0.0984 0.0990 0.1003 0.1023 0.1049 0.1078 0.1106 0.1131 0.1147 0.1153
0.1007 0.1006 0.1003 0.1003 0.1007 0.1018 0.1038 0.1064 0.1096 0.1126 0.1152 0.1170 0.1176
0.1036 0.1034 0.1030 0.1026 0.1027 0.1036 0.1055 0.1082 0.1114 0.1147 0.1176 0.1194 0.1201
0.1073 0.1069 0.1061 0.1053 0.1051 0.1057 0.1075 0.1102 0.1135 0.1170 0.1200 0.1221 0.1228
0.1115 0.1111 0.1099 0.1086 0.1079 0.1082 0.1098 0.1124 0.1158 0.1194 0.1227 0.1249 0.1256
