0.1144 0.1144 0.1144 0.1144 0.1144 0.1144 0.1144 0.1144 0.1144 0.1144 0.1144 0.1144 0.1144
0.1169 0.1168 0.1166 0.1162 0.1158 0.1152 0.1147 0.1141 0.1136 0.1132 0.1129 0.1127 0.1126
0.1197 0.1196 0.1191 0.1183 0.1174 0.1164 0.1153 0.1143 0.1134 0.1126 0.1120 0.1117 0.1116
0.1233 0.1230 0.1223 0.1211 0.1196 0.1180 0.1164 0.1149 0.1135 0.1124 0.1117 0.1112 0.1110
0.1276 0.1272 0.1261 0.1245 0.1224 0.1202 0.1179 0.1159 0.1141 0.1127 0.1117 0.1111 0.1109
0.1329 0.1324 0.1309 0.1286 0.1258 0.1229 0.1200 0.1173 0.1151 0.1134 0.1122 0.1115 0.1112
0.1391 0.1384 0.1365 0.1335 0.1299 0.1261 0.1225 0.1192 0.1165 0.1145 0.1131 0.1122 0.1120
0.1465 0.1456 0.1431 0.1393 0.1348 0.1300 0.1255 0.1216 0.1184 0.1160 0.1143 0.1134 0.1131
0.1553 0.1542 0.1509 0.1461 0.1405 0.1346 0.1291 0.1244 0.1206 0.1179 0.1160 0.1149 0.1146
0.1656 0.1641 0.1600 0.1541 0.1471 0.1399 0.1333 0.1277 0.1233 0.1201 0.1180 0.1169 0.1165
0.1776 0.1758 0.1707 0.1633 0.1547 0.1460 0.1382 0.1316 0.1265 0.1228 0.1205 0.1191 0.1187
0.1916 0.1894 0.1831 0.1739 0.1634 0.1531 0.1437 0.1360 0.1301 0.1260 0.1233 0.1218 0.1214
0.2080 0.2052 0.1974 0.1861 0.1734 0.1610 0.1500 0.1410 0.1342 0.1295 0.1265 0.1249 0.1244
0.2269 0.2235 0.2140 0.2002 0.1848 0.1700 0.1570 0.1466 0.1388 0.1335 0.1301 0.1283 0.1278
0.2491 0.2448 0.2331 0.2163 0.1977 0.1801 0.1649 0.1528 0.1439 0.1379 0.1341 0.1321 0.1316
0.2746 0.2693 0.2548 0.2346 0.2123 0.1913 0.1736 0.1597 0.1495 0.1427 0.1385 0.1363 0.1357
0.3039 0.2976 0.2799 0.2552 0.2286 0.2038 0.1831 0.1672 0.1557 0.1480 0.1434 0.1409 0.1402
