0.0950 0.0950 0.0950 0.0950 0.0950 0.0950 0.0950 0.0950 0.0950 0.0950 0.0950 0.0950 0.0950
0.0950 0.0950 0.0950 0.0950 0.0950 0.0950 0.0950 0.0950 0.0950 0.0950 0.0950 0.0950 0.0950
0.0949 0.0949 0.0949 0.0949 0.0949 0.0949 0.0949 0.0949 0.0949 0.0949 0.0949 0.0949 0.0949
0.0949 0.0949 0.0949 0.0949 0.0949 0.0949 0.0949 0.0949 0.0949 0.0949 0.0949 0.0949 0.0949
0.0948 0.0948 0.0948 0.0948 0.0948 0.0948 0.0948 0.0948 0.0948 0.0948 0.0948 0.0948 0.0948
0.0948 0.0948 0.0948 0.0948 0.0948 0.0948 0.0948 0.0948 0.0948 0.0948 0.0948 0.0948 0.0948
0.0948 0.0948 0.0948 0.0948 0.0948 0.0948 0.0948 0.0948 0.0948 0.0948 0.0948 0.0948 0.0948
0.0948 0.0948 0.0948 0.0948 0.0948 0.0948 0.0948 0.0948 0.0948 0.0948 0.0948 0.0948 0.0948
0.0948 0.0948 0.0948 0.0948 0.0948 0.0948 0.0948 0.0948 0.0948 0.0948 0.0948 0.0948 0.0948
0.0948 0.0948 0.0948 0.0948 0.0948 0.0948 0.0948 0.0948 0.0948 0.0948 0.0948 0.0948 0.0948
0.0949 0.0949 0.0949 0.0949 0.0949 0.0949 0.0949 0.0949 0.0949 0.0949 0.0949 0.0949 0.0949
0.0950 0.0950 0.0950 0.0950 0.0950 0.0950 0.0950 0.0950 0.0950 0.0950 0.0950 0.0950 0.0950
0.0952 0.0952 0.0952 0.0952 0.0952 0.0952 0.0952 0.0952 0.0952 0.0952 0.0952 0.0952 0.0952
0.0955 0.0955 0.0955 0.0955 0.0955 0.0955 0.0955 0.0955 0.0955 0.0955 0.0955 0.0955 0.0955
0.0959 0.0959 0.0959 0.0959 0.0959 0.0959 0.0959 0.0959 0.0959 0.0959 0.0959 0.0959 0.0959
0.0964 0.0964 0.0964 0.0964 0.0964 0.0964 0.0964 0.0964 0.0964 0.0964 0.0964 0.0964 0.0964
0.0970 0.0970 0.0970 0.0970 0.0970 0.0970 0.0970 0.0970 0.0970 0.0970 0.0970 0.0970 0.0970
