0.1049 0.1049 0.1049 0.1049 0.1049 0.1049 0.1049 0.1049 0.1049 0.1049 0.1049 0.1049 0.1049
0.1036 0.1036 0.1038 0.1040 0.1043 0.1046 0.1050 0.1054 0.1057 0.1060 0.1062 0.1064 0.1064
0.1027 0.1027 0.1030 0.1033 0.1038 0.1044 0.1051 0.1058 0.1064 0.1070 0.1074 0.1077 0.1078
0.1019 0.1020 0.1023 0.1027 0.1034 0.1042 0.1052 0.1062 0.1072 0.1081 0.1089 0.1093 0.1094
0.1013 0.1014 0.1017 0.1023 0.1032 0.1042 0.1054 0.1067 0.1081 0.1093 0.1103 0.1110 0.1112
0.1010 0.1011 0.1015 0.1021 0.1030 0.1042 0.1056 0.1074 0.1090 0.1106 0.1119 0.1127 0.1130
0.1011 0.1011 0.1015 0.1021 0.1030 0.1043 0.1061 0.1080 0.1100 0.1119 0.1135 0.1146 0.1150
0.1014 0.1015 0.1017 0.1023 0.1032 0.1046 0.1065 0.1087 0.1111 0.1134 0.1153 0.1165 0.1170
0.1022 0.1023 0.1024 0.1028 0.1036 0.1051 0.1071 0.1096 0.1122 0.1148 0.1171 0.1185 0.1191
0.1036 0.1035 0.1035 0.1036 0.1043 0.1056 0.1078 0.1105 0.1135 0.1164 0.1189 0.1206 0.1212
0.1055 0.1054 0.1051 0.1049 0.1052 0.1065 0.1086 0.1115 0.1148 0.1181 0.1209 0.1228 0.1235
0.1081 0.1078 0.1072 0.1066 0.1065 0.1075 0.1096 0.1126 0.1161 0.1198 0.1230 0.1250 0.1258
0.1115 0.1111 0.1100 0.1088 0.1083 0.1089 0.1109 0.1139 0.1177 0.1217 0.1250 0.1274 0.1283
0.1166 0.1159 0.1138 0.1117 0.1105 0.1106 0.1123 0.1154 0.1194 0.1236 0.1273 0.1299 0.1309
0.1221 0.1211 0.1185 0.1154 0.1132 0.1126 0.1141 0.1171 0.1212 0.1257 0.1297 0.1325 0.1335
0.1299 0.1284 0.1246 0.1201 0.1166 0.1153 0.1161 0.1190 0.1232 0.1280 0.1322 0.1351 0.1363
0.1394 0.1374 0.1322 0.1260 0.1209 0.1183 0.1186 0.1212 0.1255 0.1304 0.1349 0.1380 0.1392
