0.0901 0.0901 0.0901 0.0901 0.0901 0.0901 0.0901 0.0901 0.0901 0.0901 0.0901 0.0901 0.0901
0.0901 0.0901 0.0901 0.0901 0.0901 0.0901 0.0901 0.0901 0.0901 0.0901 0.0901 0.0901 0.0901
0.0901 0.0901 0.0901 0.0901 0.0901 0.0901 0.0901 0.0901 0.0901 0.0901 0.0901 0.0901 0.0901
0.0901 0.0901 0.0901 0.0901 0.0901 0.0901 0.0901 0.0901 0.0901 0.0901 0.0901 0.0901 0.0901
0.0901 0.0901 0.0901 0.0901 0.0901 0.0901 0.0901 0.0901 0.0901 0.0901 0.0901 0.0901 0.0901
0.0901 0.0901 0.0901 0.0901 0.0901 0.0901 0.0901 0.0901 0.0901 0.0901 0.0901 0.0901 0.0901
0.0901 0.0901 0.0901 0.0901 0.0901 0.0901 0.0901 0.0901 0.0901 0.0901 0.0901 0.0901 0.0901
0.0902 0.0902 0.0902 0.0902 0.0902 0.0902 0.0902 0.0902 0.0902 0.0902 0.0902 0.0902 0.0902
0.0902 0.0902 0.0902 0.0902 0.0902 0.0902 0.0902 0.0902 0.0902 0.0902 0.0902 0.0902 0.0902
0.0903 0.0903 0.0903 0.0903 0.0903 0.0903 0.0903 0.0903 0.0903 0.0903 0.0903 0.0903 0.0903
0.0905 0.0905 0.0905 0.0905 0.0905 0.0905 0.0905 0.0905 0.0905 0.0905 0.0905 0.0905 0.0905
0.0907 0.0907 0.0907 0.0907 0.0907 0.0907 0.0907 0.0907 0.0907 0.0907 0.0907 0.0907 0.0907
0.0910 0.0910 0.0910 0.0910 0.0910 0.0910 0.0910 0.0910 0.0910 0.0910 0.0910 0.0910 0.0910
0.0913 0.0913 0.0913 0.0913 0.0913 0.0913 0.0913 0.0913 0.0913 0.0913 0.0913 0.0913 0.0913
0.0918 0.0918 0.0918 0.0918 0.0918 0.0918 0.0918 0.0918 0.0918 0.0918 0.0918 0.0918 0.0918
0.0923 0.0923 0.0923 0.0923 0.0923 0.0923 0.0923 0.0923 0.0923 0.0923 0.0923 0.0923 0.0923
0.0930 0.0930 0.0930 0.0930 0.0930 0.0930 0.0930 0.0930 0.0930 0.0930 0.0930 0.0930 0.0930
