0.0941 0.0941 0.0941 0.0941 0.0941 0.0941 0.0941 0.0941 0.0941 0.0941 0.0941 0.0941 0.0941
0.0932 0.0932 0.0933 0.0935 0.0937 0.0939 0.0941 0.0944 0.0946 0.0948 0.0950 0.0951 0.0951
0.0924 0.0925 0.0926 0.0929 0.0933 0.0937 0.0942 0.0946 0.0951 0.0955 0.0958 0.0959 0.0960
0.0916 0.0917 0.0920 0.0924 0.0929 0.0935 0.0942 0.0949 0.0955 0.0961 0.0966 0.0968 0.0969
0.0909 0.0911 0.0914 0.0919 0.0925 0.0933 0.0942 0.0951 0.0960 0.0968 0.0974 0.0978 0.0979
0.0903 0.0904 0.0908 0.0914 0.0922 0.0932 0.0943 0.0954 0.0965 0.0975 0.0982 0.0987 0.0989
0.0897 0.0899 0.0903 0.0910 0.0920 0.0931 0.0944 0.0957 0.0970 0.0982 0.0991 0.0996 0.0998
0.0893 0.0895 0.0899 0.0907 0.0918 0.0931 0.0945 0.0961 0.0976 0.0989 0.0999 0.1006 0.1008
0.0889 0.0891 0.0896 0.0905 0.0916 0.0931 0.0947 0.0964 0.0981 0.0996 0.1008 0.1016 0.1018
0.0887 0.0889 0.0894 0.0904 0.0916 0.0931 0.0949 0.0968 0.0987 0.1004 0.1017 0.1026 0.1029
0.0886 0.0888 0.0894 0.0903 0.0916 0.0933 0.0952 0.0973 0.0993 0.1011 0.1026 0.1036 0.1039
0.0887 0.0889 0.0895 0.0905 0.0918 0.0936 0.0956 0.0978 0.1000 0.1020 0.1036 0.1046 0.1050
0.0890 0.0892 0.0898 0.0908 0.0921 0.0939 0.0960 0.0983 0.1007 0.1028 0.1045 0.1057 0.1060
0.0896 0.0897 0.0903 0.0913 0.0926 0.0944 0.0966 0.0990 0.1015 0.1037 0.1056 0.1068 0.1072
0.0903 0.0905 0.0910 0.0919 0.0933 0.0951 0.0973 0.0998 0.1023 0.1047 0.1066 0.1079 0.1083
0.0914 0.0915 0.0920 0.0928 0.0941 0.0959 0.0981 0.1006 0.1033 0.1057 0.1078 0.1091 0.1096
0.0928 0.0929 0.0933 0.0940 0.0952 0.0969 0.0991 0.1016 0.1043 0.1069 0.1090 0.1104 0.1109
