0.0861 0.0861 0.0861 0.0861 0.0861 0.0861 0.0861 0.0861 0.0861 0.0861 0.0861 0.0861 0.0861
0.0858 0.0859 0.0859 0.0859 0.0860 0.0861 0.0861 0.0862 0.0863 0.0864 0.0865 0.0865 0.0865
0.0856 0.0856 0.0857 0.0858 0.0859 0.0861 0.0862 0.0864 0.0865 0.0867 0.0868 0.0868 0.0869
0.0854 0.0854 0.0857 0.0858 0.0860 0.0861 0.0863 0.0866 0.0868 0.0870 0.0871 0.0873 0.0873
0.0854 0.0854 0.0857 0.0858 0.0860 0.0863 0.0866 0.0868 0.0871 0.0873 0.0876 0.0877 0.0879
0.0855 0.0855 0.0858 0.0859 0.0862 0.0865 0.0868 0.0871 0.0875 0.0877 0.0880 0.0882 0.0882
0.0858 0.0858 0.0860 0.0862 0.0864 0.0867 0.0871 0.0875 0.0879 0.0882 0.0885 0.0887 0.0887
0.0861 0.0862 0.0863 0.0865 0.0868 0.0871 0.0875 0.0880 0.0883 0.0887 0.0890 0.0892 0.0893
0.0867 0.0867 0.0868 0.0870 0.0873 0.0876 0.0880 0.0885 0.0890 0.0893 0.0897 0.0899 0.0900
0.0875 0.0875 0.0876 0.0877 0.0879 0.0882 0.0887 0.0891 0.0896 0.0901 0.0904 0.0907 0.0907
0.0884 0.0884 0.0885 0.0886 0.0888 0.0891 0.0895 0.0899 0.0904 0.0909 0.0912 0.0915 0.0916
0.0897 0.0897 0.0897 0.0897 0.0899 0.0901 0.0905 0.0909 0.0913 0.0918 0.0922 0.0925 0.0926
0.0912 0.0912 0.0912 0.0912 0.0912 0.0914 0.0917 0.0920 0.0925 0.0929 0.0932 0.0935 0.0936
0.0932 0.0931 0.0931 0.0930 0.0929 0.0929 0.0931 0.0934 0.0937 0.0941 0.0945 0.0948 0.0949
0.0956 0.0956 0.0953 0.0951 0.0949 0.0948 0.0949 0.0950 0.0953 0.0956 0.0959 0.0962 0.0963
0.0986 0.0984 0.0982 0.0978 0.0974 0.0971 0.0970 0.0970 0.0971 0.0974 0.0977 0.0978 0.0979
0.1021 0.1019 0.1015 0.1010 0.1003 0.0998 0.0994 0.0993 0.0993 0.0994 0.0997 0.0998 0.0999
