0.0972 0.0972 0.0972 0.0972 0.0972 0.0972 0.0972 0.0972 0.0972 0.0972 0.0972 0.0972 0.0972
0.0966 0.0967 0.0967 0.0968 0.0970 0.0971 0.0973 0.0975 0.0977 0.0978 0.0979 0.0980 0.0980
0.0963 0.0964 0.0965 0.0966 0.0969 0.0971 0.0975 0.0978 0.0981 0.0984 0.0987 0.0988 0.0989
0.0962 0.0962 0.0964 0.0966 0.0969 0.0973 0.0977 0.0982 0.0987 0.0992 0.0995 0.0998 0.0998
0.0963 0.0963 0.0964 0.0967 0.0971 0.0976 0.0981 0.0988 0.0994 0.1000 0.1005 0.1009 0.1010
0.0966 0.0966 0.0968 0.0970 0.0974 0.0980 0.0987 0.0994 0.1003 0.1010 0.1016 0.1021 0.1022
0.0972 0.0972 0.0973 0.0976 0.0980 0.0986 0.0993 0.1002 0.1012 0.1021 0.1029 0.1034 0.1035
0.0981 0.0981 0.0982 0.0984 0.0987 0.0993 0.1001 0.1011 0.1022 0.1033 0.1042 0.1048 0.1050
0.0994 0.0994 0.0994 0.0995 0.0997 0.1003 0.1011 0.1022 0.1034 0.1046 0.1057 0.1064 0.1066
0.1011 0.1010 0.1009 0.1009 0.1010 0.1015 0.1023 0.1034 0.1047 0.1061 0.1072 0.1080 0.1083
0.1033 0.1032 0.1029 0.1027 0.1026 0.1029 0.1037 0.1048 0.1062 0.1077 0.1090 0.1098 0.1102
0.1061 0.1059 0.1055 0.1049 0.1046 0.1046 0.1053 0.1064 0.1078 0.1094 0.1108 0.1118 0.1121
0.1096 0.1093 0.1085 0.1076 0.1069 0.1067 0.1072 0.1082 0.1097 0.1113 0.1128 0.1138 0.1142
0.1138 0.1134 0.1123 0.1109 0.1098 0.1092 0.1093 0.1102 0.1117 0.1134 0.1150 0.1161 0.1165
0.1189 0.1183 0.1168 0.1149 0.1131 0.1120 0.1119 0.1126 0.1140 0.1157 0.1174 0.1185 0.1189
0.1250 0.1243 0.1222 0.1196 0.1171 0.1154 0.1148 0.1152 0.1165 0.1182 0.1199 0.1212 0.1216
0.1324 0.1314 0.1287 0.1252 0.1218 0.1193 0.1181 0.1182 0.1194 0.1210 0.1228 0.1240 0.1245
