0.1070 0.1070 0.1070 0.1070 0.1070 0.1070 0.1070 0.1070 0.1070 0.1070 0.1070 0.1070 0.1070
0.1056 0.1057 0.1058 0.1060 0.1063 0.1067 0.1070 0.1074 0.1077 0.1081 0.1083 0.1085 0.1085
0.1047 0.1047 0.1049 0.1053 0.1059 0.1064 0.1071 0.1079 0.1085 0.1091 0.1096 0.1099 0.1100
0.1039 0.1040 0.1043 0.1048 0.1055 0.1063 0.1073 0.1083 0.1093 0.1103 0.1110 0.1115 0.1116
0.1033 0.1034 0.1037 0.1044 0.1052 0.1063 0.1076 0.1089 0.1103 0.1115 0.1125 0.1132 0.1134
0.1029 0.1031 0.1035 0.1041 0.1051 0.1064 0.1079 0.1096 0.1113 0.1129 0.1142 0.1150 0.1153
0.1029 0.1031 0.1035 0.1041 0.1051 0.1065 0.1083 0.1103 0.1124 0.1143 0.1159 0.1169 0.1173
0.1033 0.1033 0.1037 0.1044 0.1054 0.1069 0.1088 0.1112 0.1136 0.1159 0.1177 0.1190 0.1194
0.1040 0.1041 0.1043 0.1049 0.1059 0.1074 0.1095 0.1121 0.1148 0.1175 0.1196 0.1211 0.1216
0.1052 0.1053 0.1053 0.1057 0.1066 0.1081 0.1103 0.1131 0.1161 0.1192 0.1217 0.1233 0.1239
0.1071 0.1069 0.1068 0.1069 0.1076 0.1090 0.1113 0.1143 0.1176 0.1209 0.1237 0.1256 0.1263
0.1095 0.1093 0.1089 0.1086 0.1089 0.1102 0.1124 0.1155 0.1192 0.1228 0.1260 0.1280 0.1288
0.1126 0.1123 0.1115 0.1108 0.1107 0.1116 0.1138 0.1170 0.1209 0.1248 0.1282 0.1306 0.1314
0.1169 0.1164 0.1150 0.1136 0.1129 0.1134 0.1154 0.1186 0.1227 0.1269 0.1306 0.1332 0.1341
0.1221 0.1213 0.1193 0.1171 0.1156 0.1156 0.1173 0.1205 0.1248 0.1293 0.1333 0.1360 0.1370
0.1287 0.1276 0.1248 0.1214 0.1189 0.1182 0.1195 0.1226 0.1270 0.1317 0.1360 0.1389 0.1400
0.1369 0.1354 0.1315 0.1268 0.1230 0.1214 0.1221 0.1250 0.1294 0.1344 0.1389 0.1420 0.1432
