0.1036 0.1036 0.1036 0.1036 0.1036 0.1036 0.1036 0.1036 0.1036 0.1036 0.1036 0.1036 0.1036
0.1023 0.1023 0.1024 0.1027 0.1029 0.1033 0.1036 0.1039 0.1043 0.1046 0.1048 0.1050 0.1050
0.1014 0.1015 0.1017 0.1020 0.1025 0.1031 0.1037 0.1044 0.1050 0.1056 0.1060 0.1063 0.1064
0.1006 0.1007 0.1010 0.1015 0.1022 0.1030 0.1039 0.1049 0.1059 0.1067 0.1074 0.1078 0.1080
0.1001 0.1002 0.1006 0.1012 0.1020 0.1030 0.1042 0.1055 0.1068 0.1079 0.1089 0.1095 0.1097
0.0998 0.1000 0.1003 0.1010 0.1019 0.1031 0.1046 0.1062 0.1078 0.1093 0.1105 0.1113 0.1115
0.0998 0.1000 0.1004 0.1010 0.1020 0.1034 0.1050 0.1069 0.1089 0.1107 0.1122 0.1131 0.1135
0.1002 0.1003 0.1006 0.1013 0.1023 0.1038 0.1056 0.1078 0.1101 0.1122 0.1140 0.1151 0.1155
0.1009 0.1010 0.1013 0.1018 0.1028 0.1043 0.1063 0.1087 0.1113 0.1138 0.1158 0.1172 0.1177
0.1021 0.1021 0.1022 0.1027 0.1036 0.1051 0.1072 0.1098 0.1127 0.1155 0.1178 0.1194 0.1199
0.1038 0.1037 0.1037 0.1039 0.1046 0.1060 0.1082 0.1110 0.1142 0.1173 0.1199 0.1217 0.1223
0.1060 0.1059 0.1056 0.1055 0.1060 0.1073 0.1094 0.1124 0.1158 0.1192 0.1221 0.1241 0.1248
0.1089 0.1087 0.1081 0.1076 0.1077 0.1087 0.1109 0.1139 0.1176 0.1213 0.1244 0.1266 0.1274
0.1128 0.1123 0.1113 0.1102 0.1099 0.1106 0.1125 0.1156 0.1195 0.1234 0.1269 0.1292 0.1301
0.1174 0.1168 0.1153 0.1136 0.1125 0.1128 0.1145 0.1176 0.1216 0.1258 0.1295 0.1320 0.1330
0.1232 0.1224 0.1202 0.1176 0.1157 0.1154 0.1168 0.1198 0.1239 0.1283 0.1323 0.1350 0.1360
0.1304 0.1292 0.1262 0.1225 0.1196 0.1185 0.1194 0.1223 0.1264 0.1311 0.1352 0.1381 0.1392
