0.1077 0.1077 0.1077 0.1077 0.1077 0.1077 0.1077 0.1077 0.1077 0.1077 0.1077 0.1077 0.1077
0.1077 0.1077 0.1077 0.1077 0.1077 0.1077 0.1077 0.1077 0.1077 0.1077 0.1077 0.1077 0.1077
0.1077 0.1077 0.1077 0.1077 0.1077 0.1077 0.1077 0.1077 0.1077 0.1077 0.1077 0.1077 0.1077
0.1076 0.1076 0.1076 0.1076 0.1076 0.1076 0.1076 0.1076 0.1076 0.1076 0.1076 0.1076 0.1076
0.1075 0.1075 0.1075 0.1075 0.1075 0.1075 0.1075 0.1075 0.1075 0.1075 0.1075 0.1075 0.1075
0.1074 0.1074 0.1074 0.1074 0.1074 0.1074 0.1074 0.1074 0.1074 0.1074 0.1074 0.1074 0.1074
0.1073 0.1073 0.1073 0.1073 0.1073 0.1073 0.1073 0.1073 0.1073 0.1073 0.1073 0.1073 0.1073
0.1072 0.1072 0.1072 0.1072 0.1072 0.1072 0.1072 0.1072 0.1072 0.1072 0.1072 0.1072 0.1072
0.1071 0.1071 0.1071 0.1071 0.1071 0.1071 0.1071 0.1071 0.1071 0.1071 0.1071 0.1071 0.1071
0.1070 0.1070 0.1070 0.1070 0.1070 0.1070 0.1070 0.1070 0.1070 0.1070 0.1070 0.1070 0.1070
0.1070 0.1070 0.1070 0.1070 0.1070 0.1070 0.1070 0.1070 0.1070 0.1070 0.1070 0.1070 0.1070
0.1071 0.1071 0.1071 0.1071 0.1071 0.1071 0.1071 0.1071 0.1071 0.1071 0.1071 0.1071 0.1071
0.1073 0.1073 0.1073 0.1073 0.1073 0.1073 0.1073 0.1073 0.1073 0.1073 0.1073 0.1073 0.1073
0.1076 0.1076 0.1076 0.1076 0.1076 0.1076 0.1076 0.1076 0.1076 0.1076 0.1076 0.1076 0.1076
0.1080 0.1080 0.1080 0.1080 0.1080 0.1080 0.1080 0.1080 0.1080 0.1080 0.1080 0.1080 0.1080
0.1087 0.1087 0.1087 0.1087 0.1087 0.1087 0.1087 0.1087 0.1087 0.1087 0.1087 0.1087 0.1087
0.1096 0.1096 0.1096 0.1096 0.1096 0.1096 0.1096 0.1096 0.1096 0.1096 0.1096 0.1096 0.1096
