0.0900 0.0900 0.0900 0.0900 0.0900 0.0900 0.0900 0.0900 0.0900 0.0900 0.0900 0.0900 0.0900
0.0907 0.0907 0.0906 0.0905 0.0904 0.0903 0.0901 0.0900 0.0899 0.0899 0.0898 0.0898 0.0898
0.0916 0.0916 0.0914 0.0912 0.0910 0.0907 0.0905 0.0902 0.0900 0.0899 0.0899 0.0899 0.0899
0.0930 0.0929 0.0927 0.0923 0.0918 0.0914 0.0910 0.0906 0.0904 0.0903 0.0903 0.0902 0.0902
0.0949 0.0947 0.0943 0.0937 0.0929 0.0923 0.0917 0.0912 0.0910 0.0909 0.0908 0.0908 0.0909
0.0973 0.0970 0.0964 0.0955 0.0944 0.0934 0.0926 0.0920 0.0917 0.0916 0.0917 0.0917 0.0918
0.1003 0.1000 0.0990 0.0977 0.0963 0.0949 0.0938 0.0931 0.0927 0.0926 0.0928 0.0929 0.0929
0.1042 0.1037 0.1024 0.1005 0.0985 0.0967 0.0952 0.0943 0.0939 0.0939 0.0940 0.0942 0.0943
0.1090 0.1083 0.1065 0.1039 0.1012 0.0988 0.0970 0.0958 0.0953 0.0953 0.0956 0.0958 0.0959
0.1149 0.1140 0.1115 0.1081 0.1045 0.1014 0.0991 0.0976 0.0970 0.0970 0.0973 0.0977 0.0978
0.1223 0.1210 0.1176 0.1131 0.1084 0.1044 0.1015 0.0997 0.0989 0.0989 0.0993 0.0997 0.0999
0.1314 0.1297 0.1252 0.1192 0.1131 0.1080 0.1044 0.1021 0.1012 0.1011 0.1016 0.1021 0.1022
0.1426 0.1403 0.1344 0.1266 0.1187 0.1123 0.1077 0.1049 0.1037 0.1037 0.1042 0.1047 0.1049
0.1564 0.1535 0.1457 0.1355 0.1254 0.1173 0.1116 0.1082 0.1067 0.1065 0.1071 0.1076 0.1079
0.1735 0.1696 0.1594 0.1462 0.1334 0.1231 0.1161 0.1119 0.1100 0.1098 0.1103 0.1110 0.1113
0.1945 0.1894 0.1762 0.1592 0.1429 0.1300 0.1213 0.1163 0.1139 0.1134 0.1140 0.1147 0.1151
0.2206 0.2139 0.1967 0.1749 0.1542 0.1382 0.1274 0.1213 0.1183 0.1176 0.1182 0.1189 0.1193
