0.1062 0.1062 0.1062 0.1062 0.1062 0.1062 0.1062 0.1062 0.1062 0.1062 0.1062 0.1062 0.1062
0.1050 0.1050 0.1051 0.1053 0.1055 0.1058 0.1061 0.1064 0.1067 0.1070 0.1072 0.1073 0.1074
0.1040 0.1040 0.1043 0.1046 0.1050 0.1055 0.1061 0.1067 0.1072 0.1077 0.1081 0.1083 0.1084
0.1030 0.1031 0.1034 0.1039 0.1045 0.1053 0.1061 0.1070 0.1078 0.1085 0.1090 0.1094 0.1095
0.1021 0.1022 0.1026 0.1032 0.1040 0.1050 0.1061 0.1072 0.1083 0.1093 0.1099 0.1104 0.1106
0.1012 0.1014 0.1018 0.1026 0.1036 0.1048 0.1061 0.1075 0.1088 0.1100 0.1109 0.1115 0.1117
0.1004 0.1006 0.1011 0.1020 0.1031 0.1046 0.1062 0.1078 0.1094 0.1108 0.1118 0.1126 0.1128
0.0997 0.1000 0.1006 0.1015 0.1028 0.1044 0.1062 0.1081 0.1099 0.1115 0.1128 0.1136 0.1139
0.0992 0.0994 0.1001 0.1011 0.1025 0.1043 0.1063 0.1084 0.1104 0.1123 0.1137 0.1147 0.1150
0.0988 0.0990 0.0997 0.1008 0.1023 0.1042 0.1064 0.1087 0.1110 0.1130 0.1147 0.1157 0.1161
0.0985 0.0988 0.0995 0.1006 0.1023 0.1043 0.1065 0.1091 0.1116 0.1138 0.1156 0.1168 0.1172
0.0985 0.0988 0.0994 0.1006 0.1023 0.1044 0.1069 0.1095 0.1121 0.1146 0.1166 0.1179 0.1183
0.0987 0.0990 0.0996 0.1008 0.1024 0.1047 0.1072 0.1100 0.1128 0.1155 0.1176 0.1190 0.1195
0.0992 0.0994 0.1001 0.1012 0.1028 0.1050 0.1077 0.1106 0.1136 0.1164 0.1186 0.1201 0.1206
0.1000 0.1002 0.1007 0.1018 0.1035 0.1056 0.1082 0.1113 0.1144 0.1173 0.1196 0.1212 0.1218
0.1011 0.1013 0.1018 0.1028 0.1043 0.1064 0.1091 0.1121 0.1153 0.1183 0.1208 0.1224 0.1230
0.1027 0.1028 0.1032 0.1040 0.1054 0.1074 0.1100 0.1131 0.1164 0.1195 0.1220 0.1237 0.1244
