0.1183 0.1183 0.1183 0.1183 0.1183 0.1183 0.1183 0.1183 0.1183 0.1183 0.1183 0.1183 0.1183
0.1169 0.1169 0.1171 0.1173 0.1176 0.1179 0.1183 0.1187 0.1191 0.1193 0.1196 0.1197 0.1198
0.1156 0.1157 0.1160 0.1163 0.1169 0.1175 0.1182 0.1189 0.1196 0.1202 0.1206 0.1209 0.1210
0.1143 0.1144 0.1148 0.1154 0.1162 0.1171 0.1181 0.1191 0.1201 0.1210 0.1216 0.1221 0.1222
0.1130 0.1132 0.1136 0.1144 0.1154 0.1166 0.1179 0.1193 0.1206 0.1217 0.1226 0.1232 0.1234
0.1118 0.1119 0.1125 0.1134 0.1146 0.1161 0.1177 0.1193 0.1210 0.1224 0.1235 0.1242 0.1245
0.1106 0.1108 0.1114 0.1124 0.1138 0.1155 0.1174 0.1194 0.1213 0.1231 0.1244 0.1253 0.1256
0.1096 0.1098 0.1104 0.1115 0.1131 0.1150 0.1172 0.1194 0.1217 0.1237 0.1252 0.1262 0.1266
0.1085 0.1088 0.1094 0.1107 0.1124 0.1145 0.1169 0.1194 0.1219 0.1242 0.1260 0.1271 0.1276
0.1075 0.1078 0.1086 0.1099 0.1117 0.1140 0.1166 0.1194 0.1222 0.1247 0.1267 0.1280 0.1285
0.1069 0.1071 0.1080 0.1093 0.1112 0.1136 0.1163 0.1194 0.1224 0.1251 0.1273 0.1288 0.1293
0.1065 0.1067 0.1075 0.1088 0.1108 0.1133 0.1162 0.1194 0.1226 0.1256 0.1280 0.1296 0.1301
0.1063 0.1065 0.1073 0.1086 0.1105 0.1130 0.1161 0.1194 0.1229 0.1261 0.1286 0.1303 0.1309
0.1065 0.1067 0.1074 0.1086 0.1104 0.1129 0.1160 0.1196 0.1232 0.1265 0.1292 0.1310 0.1317
0.1070 0.1072 0.1078 0.1089 0.1106 0.1131 0.1162 0.1197 0.1235 0.1270 0.1299 0.1318 0.1325
0.1080 0.1082 0.1086 0.1095 0.1111 0.1134 0.1165 0.1201 0.1239 0.1276 0.1306 0.1326 0.1333
0.1096 0.1097 0.1099 0.1106 0.1119 0.1141 0.1170 0.1206 0.1245 0.1282 0.1314 0.1335 0.1341
