0.0977 0.0977 0.0977 0.0977 0.0977 0.0977 0.0977 0.0977 0.0977 0.0977 0.0977 0.0977 0.0977
0.0970 0.0970 0.0971 0.0972 0.0974 0.0975 0.0977 0.0979 0.0981 0.0982 0.0983 0.0984 0.0984
0.0965 0.0966 0.0967 0.0969 0.0971 0.0975 0.0978 0.0981 0.0985 0.0987 0.0990 0.0991 0.0991
0.0962 0.0962 0.0964 0.0967 0.0970 0.0974 0.0979 0.0984 0.0989 0.0993 0.0997 0.0999 0.1000
0.0959 0.0960 0.0962 0.0965 0.0970 0.0975 0.0981 0.0988 0.0994 0.1000 0.1005 0.1008 0.1008
0.0959 0.0959 0.0961 0.0965 0.0970 0.0977 0.0984 0.0992 0.1000 0.1007 0.1013 0.1017 0.1018
0.0961 0.0961 0.0963 0.0966 0.0972 0.0979 0.0988 0.0997 0.1006 0.1015 0.1022 0.1026 0.1028
0.0965 0.0965 0.0965 0.0970 0.0975 0.0983 0.0992 0.1003 0.1013 0.1023 0.1031 0.1036 0.1039
0.0970 0.0971 0.0971 0.0974 0.0980 0.0988 0.0998 0.1009 0.1021 0.1032 0.1041 0.1047 0.1050
0.0977 0.0977 0.0978 0.0982 0.0987 0.0995 0.1005 0.1017 0.1029 0.1042 0.1052 0.1058 0.1061
0.0987 0.0988 0.0989 0.0991 0.0996 0.1003 0.1013 0.1026 0.1039 0.1052 0.1063 0.1070 0.1073
0.1003 0.1003 0.1003 0.1004 0.1008 0.1014 0.1024 0.1036 0.1050 0.1064 0.1075 0.1083 0.1086
0.1023 0.1022 0.1021 0.1020 0.1022 0.1027 0.1036 0.1048 0.1062 0.1076 0.1089 0.1097 0.1100
0.1047 0.1046 0.1044 0.1041 0.1040 0.1043 0.1051 0.1062 0.1076 0.1091 0.1103 0.1112 0.1115
0.1079 0.1077 0.1072 0.1066 0.1063 0.1063 0.1068 0.1078 0.1092 0.1106 0.1119 0.1128 0.1131
0.1117 0.1114 0.1107 0.1097 0.1089 0.1086 0.1089 0.1097 0.1109 0.1123 0.1137 0.1146 0.1149
0.1164 0.1160 0.1149 0.1135 0.1122 0.1114 0.1113 0.1119 0.1130 0.1143 0.1156 0.1165 0.1168
