0.1073 0.1073 0.1073 0.1073 0.1073 0.1073 0.1073 0.1073 0.1073 0.1073 0.1073 0.1073 0.1073
0.1073 0.1073 0.1073 0.1073 0.1073 0.1073 0.1073 0.1073 0.1073 0.1073 0.1073 0.1073 0.1073
0.1072 0.1072 0.1072 0.1072 0.1072 0.1072 0.1072 0.1072 0.1072 0.1072 0.1072 0.1072 0.1072
0.1071 0.1071 0.1071 0.1071 0.1071 0.1071 0.1071 0.1071 0.1071 0.1071 0.1071 0.1071 0.1071
0.1070 0.1070 0.1070 0.1070 0.1070 0.1070 0.1070 0.1070 0.1070 0.1070 0.1070 0.1070 0.1070
0.1069 0.1069 0.1069 0.1069 0.1069 0.1069 0.1069 0.1069 0.1069 0.1069 0.1069 0.1069 0.1069
0.1068 0.1068 0.1068 0.1068 0.1068 0.1068 0.1068 0.1068 0.1068 0.1068 0.1068 0.1068 0.1068
0.1067 0.1067 0.1067 0.1067 0.1067 0.1067 0.1067 0.1067 0.1067 0.1067 0.1067 0.1067 0.1067
0.1065 0.1065 0.1065 0.1065 0.1065 0.1065 0.1065 0.1065 0.1065 0.1065 0.1065 0.1065 0.1065
0.1064 0.1064 0.1064 0.1064 0.1064 0.1064 0.1064 0.1064 0.1064 0.1064 0.1064 0.1064 0.1064
0.1064 0.1064 0.1064 0.1064 0.1064 0.1064 0.1064 0.1064 0.1064 0.1064 0.1064 0.1064 0.1064
0.1063 0.1063 0.1063 0.1063 0.1063 0.1063 0.1063 0.1063 0.1063 0.1063 0.1063 0.1063 0.1063
0.1064 0.1064 0.1064 0.1064 0.1064 0.1064 0.1064 0.1064 0.1064 0.1064 0.1064 0.1064 0.1064
0.1065 0.1065 0.1065 0.1065 0.1065 0.1065 0.1065 0.1065 0.1065 0.1065 0.1065 0.1065 0.1065
0.1068 0.1068 0.1068 0.1068 0.1068 0.1068 0.1068 0.1068 0.1068 0.1068 0.1068 0.1068 0.1068
0.1071 0.1071 0.1071 0.1071 0.1071 0.1071 0.1071 0.1071 0.1071 0.1071 0.1071 0.1071 0.1071
0.1077 0.1077 0.1077 0.1077 0.1077 0.1077 0.1077 0.1077 0.1077 0.1077 0.1077 0.1077 0.1077
