0.0924 0.0924 0.0924 0.0924 0.0924 0.0924 0.0924 0.0924 0.0924 0.0924 0.0924 0.0924 0.0924
0.0929 0.0929 0.0929 0.0928 0.0927 0.0926 0.0925 0.0924 0.0924 0.0923 0.0922 0.0922 0.0922
0.0937 0.0936 0.0936 0.0934 0.0932 0.0931 0.0929 0.0927 0.0925 0.0924 0.0923 0.0923 0.0922
0.0947 0.0947 0.0945 0.0943 0.0940 0.0937 0.0934 0.0932 0.0929 0.0928 0.0926 0.0925 0.0925
0.0961 0.0960 0.0958 0.0955 0.0951 0.0946 0.0942 0.0938 0.0935 0.0933 0.0931 0.0930 0.0930
0.0979 0.0978 0.0975 0.0970 0.0964 0.0958 0.0953 0.0948 0.0944 0.0941 0.0939 0.0937 0.0937
0.1002 0.1000 0.0995 0.0989 0.0981 0.0973 0.0966 0.0959 0.0954 0.0950 0.0948 0.0947 0.0947
0.1029 0.1027 0.1020 0.1012 0.1002 0.0991 0.0982 0.0973 0.0967 0.0962 0.0959 0.0958 0.0958
0.1061 0.1058 0.1050 0.1039 0.1026 0.1013 0.1001 0.0990 0.0982 0.0977 0.0973 0.0971 0.0971
0.1099 0.1095 0.1086 0.1072 0.1055 0.1039 0.1023 0.1010 0.1000 0.0993 0.0989 0.0987 0.0986
0.1143 0.1139 0.1128 0.1110 0.1090 0.1069 0.1049 0.1033 0.1021 0.1013 0.1007 0.1005 0.1004
0.1196 0.1191 0.1176 0.1155 0.1129 0.1103 0.1080 0.1060 0.1045 0.1035 0.1028 0.1025 0.1024
0.1257 0.1251 0.1233 0.1206 0.1175 0.1143 0.1114 0.1090 0.1072 0.1060 0.1052 0.1048 0.1046
0.1328 0.1320 0.1298 0.1266 0.1228 0.1189 0.1154 0.1125 0.1103 0.1088 0.1078 0.1073 0.1072
0.1410 0.1401 0.1373 0.1334 0.1288 0.1241 0.1199 0.1164 0.1138 0.1119 0.1108 0.1102 0.1100
0.1505 0.1493 0.1460 0.1412 0.1356 0.1300 0.1250 0.1208 0.1176 0.1154 0.1141 0.1134 0.1131
0.1614 0.1600 0.1559 0.1501 0.1433 0.1367 0.1307 0.1257 0.1220 0.1193 0.1177 0.1168 0.1166
