0.0862 0.0862 0.0862 0.0862 0.0862 0.0862 0.0862 0.0862 0.0862 0.0862 0.0862 0.0862 0.0862
0.0863 0.0863 0.0863 0.0863 0.0863 0.0863 0.0863 0.0863 0.0863 0.0863 0.0863 0.0863 0.0863
0.0865 0.0865 0.0865 0.0865 0.0865 0.0865 0.0865 0.0865 0.0865 0.0865 0.0865 0.0865 0.0865
0.0868 0.0868 0.0868 0.0868 0.0868 0.0868 0.0868 0.0868 0.0868 0.0868 0.0868 0.0868 0.0868
0.0873 0.0873 0.0873 0.0873 0.0873 0.0873 0.0873 0.0873 0.0873 0.0873 0.0873 0.0873 0.0873
0.0879 0.0879 0.0879 0.0879 0.0879 0.0879 0.0879 0.0879 0.0879 0.0879 0.0879 0.0879 0.0879
0.0887 0.0887 0.0887 0.0887 0.0887 0.0887 0.0887 0.0887 0.0887 0.0887 0.0887 0.0887 0.0887
0.0897 0.0897 0.0897 0.0897 0.0897 0.0897 0.0897 0.0897 0.0897 0.0897 0.0897 0.0897 0.0897
0.0909 0.0909 0.0909 0.0909 0.0909 0.0909 0.0909 0.0909 0.0909 0.0909 0.0909 0.0909 0.0909
0.0924 0.0924 0.0924 0.0924 0.0924 0.0924 0.0924 0.0924 0.0924 0.0924 0.0924 0.0924 0.0924
0.0941 0.0941 0.0941 0.0941 0.0941 0.0941 0.0941 0.0941 0.0941 0.0941 0.0941 0.0941 0.0941
0.0961 0.0961 0.0961 0.0961 0.0961 0.0961 0.0961 0.0961 0.0961 0.0961 0.0961 0.0961 0.0961
0.0984 0.0984 0.0984 0.0984 0.0984 0.0984 0.0984 0.0984 0.0984 0.0984 0.0984 0.0984 0.0984
0.1012 0.1012 0.1012 0.1012 0.1012 0.1012 0.1012 0.1012 0.1012 0.1012 0.1012 0.1012 0.1012
0.1044 0.1044 0.1044 0.1044 0.1044 0.1044 0.1044 0.1044 0.1044 0.1044 0.1044 0.1044 0.1044
0.1082 0.1082 0.1082 0.1082 0.1082 0.1082 0.1082 0.1082 0.1082 0.1082 0.1082 0.1082 0.1082
0.1124 0.1124 0.1124 0.1124 0.1124 0.1124 0.1124 0.1124 0.1124 0.1124 0.1124 0.1124 0.1124
