0.0805 0.0805 0.0805 0.0805 0.0805 0.0805 0.0805 0.0805 0.0805 0.0805 0.0805 0.0805 0.0805
0.0804 0.0804 0.0804 0.0804 0.0805 0.0806 0.0806 0.0806 0.0807 0.0807 0.0807 0.0808 0.0808
0.0805 0.0805 0.0804 0.0805 0.0806 0.0806 0.0807 0.0808 0.0809 0.0809 0.0810 0.0811 0.0811
0.0804 0.0804 0.0806 0.0806 0.0807 0.0808 0.0809 0.0810 0.0811 0.0813 0.0814 0.0815 0.0816
0.0805 0.0806 0.0807 0.0808 0.0809 0.0810 0.0811 0.0813 0.0815 0.0816 0.0817 0.0820 0.0821
0.0810 0.0810 0.0810 0.0811 0.0813 0.0814 0.0816 0.0817 0.0819 0.0821 0.0822 0.0824 0.0824
0.0815 0.0815 0.0815 0.0816 0.0817 0.0818 0.0821 0.0822 0.0824 0.0826 0.0828 0.0829 0.0829
0.0821 0.0822 0.0822 0.0822 0.0823 0.0824 0.0827 0.0829 0.0831 0.0832 0.0834 0.0836 0.0836
0.0830 0.0830 0.0830 0.0830 0.0831 0.0832 0.0834 0.0836 0.0838 0.0840 0.0842 0.0843 0.0844
0.0842 0.0842 0.0842 0.0841 0.0841 0.0842 0.0843 0.0844 0.0847 0.0849 0.0851 0.0852 0.0852
0.0857 0.0856 0.0856 0.0855 0.0854 0.0853 0.0854 0.0855 0.0857 0.0859 0.0861 0.0862 0.0863
0.0875 0.0875 0.0873 0.0871 0.0869 0.0868 0.0867 0.0868 0.0869 0.0871 0.0872 0.0873 0.0874
0.0897 0.0897 0.0895 0.0891 0.0888 0.0885 0.0883 0.0882 0.0883 0.0884 0.0885 0.0886 0.0887
0.0924 0.0923 0.0919 0.0916 0.0911 0.0906 0.0903 0.0900 0.0899 0.0900 0.0901 0.0902 0.0902
0.0955 0.0954 0.0950 0.0944 0.0937 0.0931 0.0925 0.0922 0.0919 0.0918 0.0919 0.0919 0.0919
0.0994 0.0992 0.0986 0.0978 0.0969 0.0960 0.0952 0.0946 0.0943 0.0941 0.0940 0.0939 0.0939
0.1039 0.1036 0.1029 0.1019 0.1007 0.0994 0.0984 0.0976 0.0970 0.0966 0.0965 0.0964 0.0963
