0.0895 0.0895 0.0895 0.0895 0.0895 0.0895 0.0895 0.0895 0.0895 0.0895 0.0895 0.0895 0.0895
0.0893 0.0893 0.0893 0.0894 0.0894 0.0895 0.0896 0.0897 0.0898 0.0898 0.0899 0.0899 0.0900
0.0894 0.0895 0.0895 0.0895 0.0895 0.0896 0.0898 0.0900 0.0901 0.0903 0.0904 0.0905 0.0906
0.0898 0.0898 0.0898 0.0898 0.0898 0.0899 0.0901 0.0903 0.0906 0.0909 0.0912 0.0914 0.0914
0.0905 0.0905 0.0904 0.0904 0.0903 0.0904 0.0905 0.0909 0.0912 0.0917 0.0921 0.0924 0.0924
0.0917 0.0916 0.0914 0.0912 0.0910 0.0910 0.0911 0.0915 0.0920 0.0926 0.0931 0.0935 0.0936
0.0932 0.0931 0.0928 0.0923 0.0920 0.0918 0.0919 0.0923 0.0929 0.0937 0.0943 0.0948 0.0950
0.0952 0.0950 0.0945 0.0939 0.0932 0.0929 0.0929 0.0933 0.0940 0.0948 0.0957 0.0962 0.0965
0.0979 0.0976 0.0968 0.0958 0.0948 0.0942 0.0940 0.0944 0.0951 0.0962 0.0971 0.0978 0.0981
0.1013 0.1009 0.0997 0.0982 0.0968 0.0957 0.0954 0.0956 0.0965 0.0976 0.0987 0.0995 0.0998
0.1056 0.1050 0.1034 0.1011 0.0991 0.0977 0.0970 0.0971 0.0980 0.0992 0.1005 0.1014 0.1017
0.1111 0.1102 0.1079 0.1049 0.1020 0.0999 0.0988 0.0988 0.0996 0.1010 0.1024 0.1034 0.1038
0.1180 0.1166 0.1135 0.1094 0.1055 0.1026 0.1010 0.1008 0.1015 0.1029 0.1045 0.1056 0.1061
0.1263 0.1248 0.1205 0.1149 0.1097 0.1058 0.1036 0.1030 0.1036 0.1051 0.1067 0.1080 0.1086
0.1372 0.1349 0.1291 0.1217 0.1148 0.1096 0.1066 0.1056 0.1060 0.1075 0.1092 0.1106 0.1112
0.1502 0.1474 0.1397 0.1300 0.1209 0.1141 0.1101 0.1085 0.1087 0.1101 0.1119 0.1133 0.1139
0.1667 0.1629 0.1529 0.1401 0.1283 0.1195 0.1142 0.1119 0.1118 0.1131 0.1149 0.1164 0.1170
