0.0969 0.0969 0.0969 0.0969 0.0969 0.0969 0.0969 0.0969 0.0969 0.0969 0.0969 0.0969 0.0969
0.0959 0.0960 0.0961 0.0962 0.0964 0.0966 0.0969 0.0971 0.0973 0.0975 0.0976 0.0977 0.0977
0.0953 0.0953 0.0955 0.0957 0.0961 0.0965 0.0969 0.0973 0.0977 0.0981 0.0984 0.0986 0.0986
0.0946 0.0947 0.0949 0.0953 0.0958 0.0964 0.0970 0.0976 0.0982 0.0988 0.0992 0.0995 0.0995
0.0941 0.0941 0.0944 0.0949 0.0955 0.0963 0.0971 0.0980 0.0987 0.0995 0.1000 0.1004 0.1005
0.0936 0.0937 0.0940 0.0946 0.0953 0.0963 0.0972 0.0983 0.0993 0.1002 0.1008 0.1013 0.1015
0.0932 0.0933 0.0937 0.0944 0.0952 0.0963 0.0974 0.0987 0.0999 0.1009 0.1018 0.1023 0.1025
0.0929 0.0931 0.0936 0.0942 0.0952 0.0964 0.0977 0.0991 0.1005 0.1017 0.1027 0.1033 0.1035
0.0929 0.0930 0.0935 0.0942 0.0953 0.0966 0.0980 0.0996 0.1012 0.1025 0.1036 0.1044 0.1046
0.0930 0.0932 0.0936 0.0944 0.0955 0.0969 0.0984 0.1001 0.1018 0.1034 0.1046 0.1054 0.1057
0.0933 0.0935 0.0939 0.0947 0.0958 0.0972 0.0989 0.1007 0.1026 0.1043 0.1057 0.1065 0.1068
0.0938 0.0940 0.0944 0.0952 0.0963 0.0978 0.0996 0.1015 0.1034 0.1053 0.1067 0.1077 0.1080
0.0946 0.0948 0.0952 0.0959 0.0970 0.0985 0.1003 0.1023 0.1044 0.1063 0.1079 0.1090 0.1093
0.0957 0.0958 0.0962 0.0969 0.0979 0.0993 0.1012 0.1032 0.1054 0.1075 0.1091 0.1102 0.1106
0.0971 0.0972 0.0975 0.0981 0.0990 0.1004 0.1022 0.1043 0.1065 0.1086 0.1104 0.1116 0.1120
0.0989 0.0990 0.0992 0.0996 0.1004 0.1017 0.1034 0.1055 0.1078 0.1100 0.1118 0.1130 0.1135
0.1012 0.1012 0.1013 0.1015 0.1021 0.1032 0.1048 0.1069 0.1092 0.1114 0.1133 0.1146 0.1150
