0.0994 0.0994 0.0994 0.0994 0.0994 0.0994 0.0994 0.0994 0.0994 0.0994 0.0994 0.0994 0.0994
0.0997 0.0997 0.0996 0.0996 0.0996 0.0995 0.0995 0.0995 0.0995 0.0995 0.0995 0.0995 0.0995
0.1003 0.1002 0.1002 0.1001 0.1000 0.0999 0.0998 0.0998 0.0998 0.0998 0.0998 0.0998 0.0999
0.1012 0.1012 0.1010 0.1009 0.1006 0.1005 0.1003 0.1003 0.1003 0.1003 0.1004 0.1005 0.1005
0.1026 0.1025 0.1023 0.1020 0.1016 0.1013 0.1011 0.1010 0.1010 0.1011 0.1012 0.1013 0.1013
0.1045 0.1043 0.1040 0.1035 0.1029 0.1024 0.1021 0.1019 0.1019 0.1021 0.1023 0.1024 0.1024
0.1069 0.1067 0.1061 0.1053 0.1045 0.1038 0.1033 0.1031 0.1031 0.1033 0.1035 0.1037 0.1038
0.1099 0.1096 0.1088 0.1077 0.1065 0.1055 0.1048 0.1044 0.1044 0.1046 0.1050 0.1052 0.1053
0.1136 0.1132 0.1121 0.1106 0.1090 0.1076 0.1066 0.1060 0.1060 0.1063 0.1067 0.1070 0.1071
0.1183 0.1177 0.1162 0.1141 0.1119 0.1100 0.1087 0.1079 0.1078 0.1081 0.1085 0.1089 0.1091
0.1238 0.1231 0.1211 0.1183 0.1154 0.1129 0.1111 0.1101 0.1099 0.1102 0.1107 0.1111 0.1113
0.1305 0.1296 0.1269 0.1233 0.1196 0.1163 0.1139 0.1126 0.1122 0.1125 0.1130 0.1135 0.1137
0.1386 0.1373 0.1339 0.1293 0.1244 0.1202 0.1172 0.1155 0.1149 0.1151 0.1157 0.1162 0.1164
0.1482 0.1466 0.1422 0.1363 0.1301 0.1248 0.1209 0.1187 0.1178 0.1180 0.1186 0.1191 0.1194
0.1598 0.1577 0.1521 0.1445 0.1367 0.1300 0.1252 0.1223 0.1212 0.1212 0.1217 0.1223 0.1226
0.1734 0.1708 0.1637 0.1541 0.1443 0.1360 0.1300 0.1264 0.1248 0.1247 0.1252 0.1258 0.1261
0.1897 0.1863 0.1774 0.1654 0.1532 0.1429 0.1355 0.1310 0.1289 0.1286 0.1291 0.1297 0.1299
