0.1009 0.1009 0.1009 0.1009 0.1009 0.1009 0.1009 0.1009 0.1009 0.1009 0.1009 0.1009 0.1009
0.1007 0.1007 0.1007 0.1008 0.1008 0.1009 0.1010 0.1011 0.1012 0.1013 0.1014 0.1015 0.1015
0.1007 0.1007 0.1008 0.1008 0.1009 0.1011 0.1013 0.1015 0.1016 0.1018 0.1020 0.1021 0.1021
0.1011 0.1011 0.1011 0.1012 0.1013 0.1015 0.1017 0.1020 0.1023 0.1026 0.1028 0.1030 0.1030
0.1017 0.1017 0.1017 0.1017 0.1018 0.1020 0.1023 0.1026 0.1031 0.1035 0.1038 0.1041 0.1042
0.1027 0.1026 0.1026 0.1026 0.1026 0.1027 0.1030 0.1035 0.1040 0.1046 0.1050 0.1054 0.1055
0.1041 0.1040 0.1039 0.1037 0.1036 0.1037 0.1040 0.1045 0.1052 0.1059 0.1065 0.1069 0.1071
0.1060 0.1059 0.1056 0.1052 0.1050 0.1050 0.1052 0.1058 0.1065 0.1073 0.1081 0.1086 0.1088
0.1084 0.1082 0.1077 0.1071 0.1066 0.1064 0.1066 0.1072 0.1081 0.1090 0.1099 0.1105 0.1107
0.1114 0.1111 0.1104 0.1095 0.1087 0.1083 0.1083 0.1089 0.1098 0.1109 0.1119 0.1126 0.1129
0.1151 0.1147 0.1136 0.1123 0.1111 0.1104 0.1103 0.1108 0.1118 0.1130 0.1142 0.1150 0.1153
0.1196 0.1190 0.1176 0.1158 0.1141 0.1129 0.1126 0.1130 0.1140 0.1153 0.1166 0.1176 0.1178
0.1250 0.1243 0.1224 0.1199 0.1176 0.1159 0.1152 0.1154 0.1165 0.1179 0.1193 0.1204 0.1208
0.1316 0.1307 0.1281 0.1248 0.1216 0.1193 0.1182 0.1183 0.1193 0.1208 0.1223 0.1235 0.1239
0.1395 0.1383 0.1349 0.1306 0.1264 0.1233 0.1217 0.1215 0.1225 0.1240 0.1257 0.1269 0.1274
0.1490 0.1474 0.1430 0.1374 0.1320 0.1279 0.1257 0.1252 0.1260 0.1276 0.1293 0.1307 0.1312
0.1603 0.1581 0.1526 0.1454 0.1385 0.1332 0.1302 0.1292 0.1299 0.1315 0.1334 0.1348 0.1353
