0.1007 0.1007 0.1007 0.1007 0.1007 0.1007 0.1007 0.1007 0.1007 0.1007 0.1007 0.1007 0.1007
0.1003 0.1003 0.1004 0.1005 0.1005 0.1006 0.1007 0.1009 0.1010 0.1011 0.1011 0.1012 0.1013
0.1003 0.1003 0.1004 0.1005 0.1006 0.1007 0.1009 0.1012 0.1014 0.1017 0.1018 0.1020 0.1020
0.1006 0.1006 0.1006 0.1007 0.1009 0.1011 0.1013 0.1017 0.1021 0.1024 0.1027 0.1029 0.1030
0.1011 0.1011 0.1012 0.1012 0.1013 0.1015 0.1019 0.1024 0.1028 0.1034 0.1038 0.1040 0.1041
0.1022 0.1021 0.1020 0.1020 0.1020 0.1022 0.1026 0.1032 0.1038 0.1045 0.1050 0.1054 0.1055
0.1035 0.1034 0.1032 0.1031 0.1030 0.1032 0.1036 0.1042 0.1049 0.1057 0.1065 0.1070 0.1071
0.1053 0.1052 0.1049 0.1045 0.1043 0.1043 0.1047 0.1053 0.1063 0.1072 0.1081 0.1086 0.1089
0.1078 0.1076 0.1070 0.1064 0.1059 0.1057 0.1060 0.1068 0.1078 0.1089 0.1099 0.1106 0.1109
0.1107 0.1105 0.1097 0.1087 0.1079 0.1075 0.1076 0.1083 0.1095 0.1107 0.1119 0.1127 0.1130
0.1146 0.1141 0.1130 0.1116 0.1103 0.1095 0.1095 0.1102 0.1114 0.1128 0.1141 0.1151 0.1154
0.1193 0.1187 0.1170 0.1151 0.1132 0.1120 0.1117 0.1123 0.1135 0.1151 0.1166 0.1176 0.1181
0.1250 0.1241 0.1220 0.1192 0.1166 0.1149 0.1143 0.1147 0.1160 0.1176 0.1193 0.1205 0.1209
0.1319 0.1308 0.1279 0.1242 0.1208 0.1183 0.1172 0.1174 0.1187 0.1205 0.1223 0.1236 0.1241
0.1403 0.1389 0.1351 0.1302 0.1256 0.1222 0.1206 0.1206 0.1218 0.1237 0.1256 0.1270 0.1275
0.1505 0.1486 0.1437 0.1373 0.1313 0.1268 0.1245 0.1241 0.1252 0.1272 0.1292 0.1308 0.1313
0.1627 0.1603 0.1539 0.1457 0.1379 0.1322 0.1290 0.1282 0.1291 0.1311 0.1333 0.1349 0.1355
