0.0823 0.0823 0.0823 0.0823 0.0823 0.0823 0.0823 0.0823 0.0823 0.0823 0.0823 0.0823 0.0823
0.0824 0.0824 0.0824 0.0824 0.0824 0.0824 0.0824 0.0824 0.0824 0.0824 0.0824 0.0824 0.0824
0.0826 0.0826 0.0826 0.0826 0.0826 0.0826 0.0826 0.0826 0.0826 0.0826 0.0826 0.0826 0.0826
0.0830 0.0830 0.0830 0.0830 0.0830 0.0830 0.0830 0.0830 0.0830 0.0830 0.0830 0.0830 0.0830
0.0835 0.0835 0.0835 0.0835 0.0835 0.0835 0.0835 0.0835 0.0835 0.0835 0.0835 0.0835 0.0835
0.0843 0.0843 0.0843 0.0843 0.0843 0.0843 0.0843 0.0843 0.0843 0.0843 0.0843 0.0843 0.0843
0.0852 0.0852 0.0852 0.0852 0.0852 0.0852 0.0852 0.0852 0.0852 0.0852 0.0852 0.0852 0.0852
0.0863 0.0863 0.0863 0.0863 0.0863 0.0863 0.0863 0.0863 0.0863 0.0863 0.0863 0.0863 0.0863
0.0877 0.0877 0.0877 0.0877 0.0877 0.0877 0.0877 0.0877 0.0877 0.0877 0.0877 0.0877 0.0877
0.0893 0.0893 0.0893 0.0893 0.0893 0.0893 0.0893 0.0893 0.0893 0.0893 0.0893 0.0893 0.0893
0.0912 0.0912 0.0912 0.0912 0.0912 0.0912 0.0912 0.0912 0.0912 0.0912 0.0912 0.0912 0.0912
0.0934 0.0934 0.0934 0.0934 0.0934 0.0934 0.0934 0.0934 0.0934 0.0934 0.0934 0.0934 0.0934
0.0960 0.0960 0.0960 0.0960 0.0960 0.0960 0.0960 0.0960 0.0960 0.0960 0.0960 0.0960 0.0960
0.0990 0.0990 0.0990 0.0990 0.0990 0.0990 0.0990 0.0990 0.0990 0.0990 0.0990 0.0990 0.0990
0.1025 0.1025 0.1025 0.1025 0.1025 0.1025 0.1025 0.1025 0.1025 0.1025 0.1025 0.1025 0.1025
0.1064 0.1064 0.1064 0.1064 0.1064 0.1064 0.1064 0.1064 0.1064 0.1064 0.1064 0.1064 0.1064
0.1110 0.1110 0.1110 0.1110 0.1110 0.1110 0.1110 0.1110 0.1110 0.1110 0.1110 0.1110 0.1110
