0.1155 0.1155 0.1155 0.1155 0.1155 0.1155 0.1155 0.1155 0.1155 0.1155 0.1155 0.1155 0.1155
0.1138 0.1139 0.1140 0.1143 0.1147 0.1151 0.1155 0.1160 0.1164 0.1168 0.1171 0.1173 0.1174
0.1125 0.1126 0.1129 0.1134 0.1140 0.1148 0.1156 0.1165 0.1173 0.1180 0.1186 0.1190 0.1191
0.1114 0.1115 0.1119 0.1125 0.1134 0.1145 0.1157 0.1170 0.1183 0.1194 0.1203 0.1209 0.1211
0.1104 0.1106 0.1110 0.1118 0.1129 0.1142 0.1159 0.1176 0.1193 0.1208 0.1221 0.1229 0.1231
0.1097 0.1099 0.1104 0.1113 0.1125 0.1141 0.1161 0.1182 0.1204 0.1223 0.1240 0.1250 0.1253
0.1093 0.1095 0.1100 0.1109 0.1123 0.1141 0.1164 0.1189 0.1215 0.1238 0.1258 0.1272 0.1277
0.1092 0.1094 0.1099 0.1108 0.1122 0.1142 0.1167 0.1196 0.1227 0.1256 0.1279 0.1295 0.1300
0.1095 0.1096 0.1100 0.1109 0.1123 0.1144 0.1172 0.1205 0.1240 0.1273 0.1300 0.1319 0.1325
0.1102 0.1103 0.1106 0.1113 0.1126 0.1148 0.1177 0.1214 0.1253 0.1290 0.1322 0.1343 0.1351
0.1115 0.1115 0.1116 0.1120 0.1132 0.1153 0.1184 0.1224 0.1267 0.1309 0.1344 0.1369 0.1376
0.1134 0.1132 0.1130 0.1131 0.1140 0.1161 0.1193 0.1235 0.1282 0.1328 0.1369 0.1395 0.1405
0.1159 0.1157 0.1151 0.1147 0.1152 0.1171 0.1203 0.1247 0.1299 0.1349 0.1394 0.1423 0.1433
0.1194 0.1189 0.1178 0.1168 0.1168 0.1183 0.1215 0.1261 0.1316 0.1371 0.1419 0.1451 0.1464
0.1237 0.1230 0.1214 0.1196 0.1189 0.1200 0.1230 0.1277 0.1335 0.1395 0.1447 0.1482 0.1495
0.1294 0.1284 0.1258 0.1231 0.1215 0.1220 0.1247 0.1295 0.1357 0.1419 0.1476 0.1514 0.1528
0.1365 0.1352 0.1315 0.1275 0.1248 0.1245 0.1269 0.1316 0.1380 0.1447 0.1507 0.1548 0.1562
