0.0909 0.0909 0.0909 0.0909 0.0909 0.0909 0.0909 0.0909 0.0909 0.0909 0.0909 0.0909 0.0909
0.0908 0.0908 0.0908 0.0908 0.0909 0.0909 0.0909 0.0910 0.0910 0.0911 0.0911 0.0911 0.0911
0.0908 0.0908 0.0908 0.0909 0.0909 0.0910 0.0911 0.0912 0.0913 0.0913 0.0914 0.0915 0.0915
0.0909 0.0909 0.0910 0.0911 0.0912 0.0913 0.0914 0.0915 0.0916 0.0917 0.0918 0.0919 0.0919
0.0912 0.0912 0.0913 0.0914 0.0915 0.0916 0.0917 0.0919 0.0920 0.0922 0.0923 0.0924 0.0925
0.0917 0.0917 0.0917 0.0918 0.0919 0.0921 0.0923 0.0924 0.0926 0.0928 0.0929 0.0930 0.0931
0.0923 0.0923 0.0924 0.0924 0.0926 0.0927 0.0929 0.0931 0.0933 0.0935 0.0936 0.0937 0.0938
0.0932 0.0932 0.0932 0.0933 0.0934 0.0935 0.0937 0.0939 0.0941 0.0943 0.0945 0.0946 0.0946
0.0942 0.0942 0.0943 0.0943 0.0944 0.0945 0.0946 0.0948 0.0951 0.0953 0.0954 0.0956 0.0956
0.0956 0.0956 0.0956 0.0956 0.0956 0.0956 0.0958 0.0960 0.0962 0.0964 0.0966 0.0967 0.0967
0.0973 0.0973 0.0972 0.0971 0.0971 0.0971 0.0971 0.0973 0.0975 0.0976 0.0978 0.0979 0.0980
0.0993 0.0993 0.0992 0.0990 0.0989 0.0988 0.0987 0.0988 0.0989 0.0991 0.0993 0.0994 0.0994
0.1017 0.1017 0.1015 0.1012 0.1010 0.1008 0.1007 0.1006 0.1007 0.1008 0.1009 0.1010 0.1011
0.1046 0.1045 0.1043 0.1039 0.1035 0.1031 0.1029 0.1027 0.1027 0.1027 0.1028 0.1029 0.1029
0.1080 0.1079 0.1075 0.1070 0.1064 0.1059 0.1054 0.1051 0.1050 0.1049 0.1050 0.1050 0.1050
0.1120 0.1118 0.1113 0.1106 0.1098 0.1091 0.1084 0.1079 0.1076 0.1075 0.1074 0.1074 0.1074
0.1166 0.1164 0.1158 0.1149 0.1138 0.1128 0.1118 0.1111 0.1106 0.1104 0.1102 0.1101 0.1101
