0.0998 0.0998 0.0998 0.0998 0.0998 0.0998 0.0998 0.0998 0.0998 0.0998 0.0998 0.0998 0.0998
0.0992 0.0992 0.0993 0.0994 0.0995 0.0997 0.0999 0.1001 0.1002 0.1004 0.1005 0.1006 0.1006
0.0990 0.0990 0.0991 0.0992 0.0995 0.0997 0.1001 0.1004 0.1008 0.1011 0.1013 0.1015 0.1016
0.0990 0.0990 0.0991 0.0993 0.0996 0.0999 0.1004 0.1009 0.1014 0.1019 0.1023 0.1026 0.1027
0.0993 0.0993 0.0994 0.0996 0.0999 0.1003 0.1009 0.1015 0.1023 0.1029 0.1035 0.1039 0.1040
0.0999 0.0999 0.1000 0.1001 0.1004 0.1008 0.1015 0.1023 0.1032 0.1041 0.1048 0.1053 0.1055
0.1010 0.1009 0.1009 0.1009 0.1011 0.1016 0.1023 0.1032 0.1043 0.1054 0.1063 0.1069 0.1071
0.1025 0.1024 0.1022 0.1021 0.1022 0.1025 0.1032 0.1043 0.1055 0.1068 0.1079 0.1086 0.1089
0.1045 0.1043 0.1040 0.1037 0.1035 0.1037 0.1044 0.1055 0.1069 0.1084 0.1097 0.1105 0.1109
0.1071 0.1068 0.1063 0.1056 0.1052 0.1052 0.1058 0.1069 0.1085 0.1101 0.1116 0.1126 0.1130
0.1104 0.1100 0.1091 0.1081 0.1072 0.1070 0.1074 0.1085 0.1102 0.1120 0.1137 0.1148 0.1152
0.1145 0.1140 0.1127 0.1111 0.1098 0.1091 0.1093 0.1104 0.1121 0.1141 0.1159 0.1172 0.1177
0.1195 0.1188 0.1171 0.1148 0.1128 0.1116 0.1115 0.1125 0.1142 0.1164 0.1184 0.1198 0.1203
0.1258 0.1249 0.1224 0.1193 0.1164 0.1146 0.1140 0.1148 0.1166 0.1188 0.1210 0.1225 0.1231
0.1334 0.1321 0.1289 0.1246 0.1207 0.1180 0.1170 0.1175 0.1192 0.1215 0.1238 0.1255 0.1261
0.1425 0.1409 0.1366 0.1311 0.1258 0.1221 0.1203 0.1205 0.1221 0.1245 0.1269 0.1286 0.1293
0.1536 0.1515 0.1459 0.1386 0.1318 0.1268 0.1242 0.1239 0.1253 0.1277 0.1302 0.1321 0.1328
