0.0912 0.0912 0.0912 0.0912 0.0912 0.0912 0.0912 0.0912 0.0912 0.0912 0.0912 0.0912 0.0912
0.0913 0.0913 0.0912 0.0912 0.0912 0.0912 0.0913 0.0913 0.0913 0.0913 0.0914 0.0914 0.0914
0.0916 0.0916 0.0915 0.0915 0.0915 0.0915 0.0915 0.0915 0.0916 0.0917 0.0918 0.0919 0.0919
0.0923 0.0923 0.0922 0.0920 0.0919 0.0919 0.0919 0.0919 0.0921 0.0923 0.0924 0.0925 0.0926
0.0934 0.0933 0.0931 0.0929 0.0926 0.0924 0.0924 0.0925 0.0927 0.0930 0.0932 0.0934 0.0935
0.0949 0.0948 0.0945 0.0940 0.0936 0.0932 0.0931 0.0932 0.0936 0.0939 0.0943 0.0946 0.0947
0.0969 0.0967 0.0962 0.0955 0.0948 0.0942 0.0940 0.0941 0.0945 0.0950 0.0955 0.0959 0.0960
0.0997 0.0993 0.0985 0.0974 0.0964 0.0956 0.0951 0.0952 0.0956 0.0963 0.0969 0.0974 0.0976
0.1031 0.1026 0.1014 0.0998 0.0983 0.0971 0.0965 0.0965 0.0969 0.0977 0.0985 0.0991 0.0993
0.1074 0.1068 0.1051 0.1028 0.1006 0.0990 0.0981 0.0980 0.0984 0.0993 0.1003 0.1010 0.1012
0.1129 0.1120 0.1096 0.1065 0.1035 0.1012 0.1000 0.0997 0.1001 0.1011 0.1023 0.1031 0.1034
0.1198 0.1185 0.1153 0.1110 0.1070 0.1040 0.1022 0.1016 0.1021 0.1032 0.1044 0.1054 0.1057
0.1283 0.1266 0.1222 0.1165 0.1112 0.1071 0.1047 0.1040 0.1043 0.1054 0.1069 0.1079 0.1083
0.1390 0.1367 0.1308 0.1233 0.1162 0.1109 0.1078 0.1066 0.1068 0.1080 0.1095 0.1107 0.1112
0.1521 0.1493 0.1415 0.1315 0.1223 0.1154 0.1113 0.1096 0.1097 0.1109 0.1125 0.1138 0.1144
0.1690 0.1648 0.1545 0.1415 0.1295 0.1207 0.1154 0.1131 0.1130 0.1141 0.1159 0.1173 0.1180
0.1895 0.1842 0.1705 0.1537 0.1383 0.1270 0.1202 0.1172 0.1167 0.1179 0.1197 0.1211 0.1218
