0.0898 0.0898 0.0898 0.0898 0.0898 0.0898 0.0898 0.0898 0.0898 0.0898 0.0898 0.0898 0.0898
0.0910 0.0910 0.0908 0.0907 0.0904 0.0902 0.0900 0.0897 0.0895 0.0892 0.0892 0.0891 0.0890
0.0926 0.0925 0.0922 0.0918 0.0913 0.0908 0.0903 0.0898 0.0894 0.0891 0.0889 0.0888 0.0887
0.0946 0.0945 0.0940 0.0934 0.0926 0.0917 0.0909 0.0902 0.0896 0.0892 0.0889 0.0888 0.0888
0.0972 0.0969 0.0963 0.0953 0.0942 0.0929 0.0918 0.0908 0.0901 0.0896 0.0893 0.0892 0.0891
0.1004 0.1001 0.0992 0.0977 0.0961 0.0945 0.0930 0.0917 0.0908 0.0903 0.0899 0.0897 0.0897
0.1044 0.1039 0.1026 0.1007 0.0986 0.0964 0.0944 0.0929 0.0918 0.0911 0.0907 0.0906 0.0906
0.1092 0.1086 0.1068 0.1044 0.1015 0.0987 0.0962 0.0943 0.0930 0.0923 0.0919 0.0917 0.0916
0.1151 0.1143 0.1120 0.1087 0.1050 0.1015 0.0984 0.0960 0.0944 0.0935 0.0932 0.0930 0.0930
0.1223 0.1212 0.1182 0.1139 0.1092 0.1047 0.1009 0.0980 0.0961 0.0952 0.0947 0.0946 0.0946
0.1310 0.1295 0.1256 0.1202 0.1141 0.1085 0.1038 0.1003 0.0981 0.0970 0.0965 0.0964 0.0964
0.1414 0.1396 0.1346 0.1275 0.1200 0.1130 0.1073 0.1031 0.1005 0.0992 0.0986 0.0984 0.0984
0.1542 0.1518 0.1453 0.1364 0.1268 0.1183 0.1114 0.1064 0.1032 0.1016 0.1010 0.1008 0.1009
0.1697 0.1666 0.1582 0.1469 0.1350 0.1244 0.1160 0.1100 0.1062 0.1043 0.1036 0.1034 0.1036
0.1886 0.1847 0.1739 0.1594 0.1445 0.1314 0.1214 0.1142 0.1098 0.1075 0.1066 0.1064 0.1064
0.2115 0.2064 0.1927 0.1743 0.1557 0.1397 0.1275 0.1191 0.1137 0.1110 0.1099 0.1096 0.1096
0.2392 0.2327 0.2153 0.1922 0.1690 0.1493 0.1345 0.1245 0.1183 0.1150 0.1137 0.1133 0.1133
