0.0991 0.0991 0.0991 0.0991 0.0991 0.0991 0.0991 0.0991 0.0991 0.0991 0.0991 0.0991 0.0991
0.1010 0.1009 0.1007 0.1005 0.1001 0.0997 0.0993 0.0988 0.0985 0.0982 0.0979 0.0978 0.0978
0.1032 0.1030 0.1027 0.1021 0.1014 0.1006 0.0998 0.0990 0.0983 0.0978 0.0974 0.0972 0.0971
0.1061 0.1058 0.1052 0.1043 0.1031 0.1019 0.1006 0.0995 0.0985 0.0978 0.0973 0.0970 0.0969
0.1097 0.1093 0.1084 0.1070 0.1053 0.1036 0.1018 0.1003 0.0991 0.0982 0.0975 0.0971 0.0970
0.1141 0.1136 0.1123 0.1104 0.1081 0.1057 0.1034 0.1015 0.1000 0.0988 0.0981 0.0977 0.0976
0.1195 0.1189 0.1171 0.1145 0.1114 0.1083 0.1055 0.1030 0.1012 0.0999 0.0991 0.0987 0.0985
0.1262 0.1253 0.1229 0.1194 0.1155 0.1115 0.1079 0.1050 0.1028 0.1013 0.1004 0.0999 0.0998
0.1341 0.1330 0.1299 0.1253 0.1202 0.1152 0.1108 0.1073 0.1047 0.1030 0.1021 0.1016 0.1014
0.1437 0.1422 0.1382 0.1324 0.1259 0.1197 0.1143 0.1101 0.1071 0.1052 0.1041 0.1036 0.1034
0.1552 0.1534 0.1480 0.1407 0.1326 0.1249 0.1184 0.1134 0.1099 0.1077 0.1065 0.1060 0.1058
0.1692 0.1668 0.1600 0.1506 0.1403 0.1309 0.1231 0.1172 0.1131 0.1107 0.1094 0.1088 0.1086
0.1860 0.1828 0.1741 0.1623 0.1495 0.1379 0.1286 0.1216 0.1169 0.1141 0.1126 0.1120 0.1118
0.2062 0.2022 0.1911 0.1761 0.1603 0.1462 0.1349 0.1267 0.1212 0.1180 0.1164 0.1157 0.1155
0.2305 0.2253 0.2114 0.1925 0.1729 0.1556 0.1422 0.1325 0.1261 0.1225 0.1207 0.1199 0.1198
0.2597 0.2530 0.2354 0.2118 0.1876 0.1665 0.1504 0.1391 0.1318 0.1276 0.1255 0.1247 0.1245
0.2948 0.2864 0.2640 0.2344 0.2046 0.1792 0.1599 0.1466 0.1382 0.1333 0.1310 0.1300 0.1298
