0.0879 0.0879 0.0879 0.0879 0.0879 0.0879 0.0879 0.0879 0.0879 0.0879 0.0879 0.0879 0.0879
0.0868 0.0869 0.0870 0.0871 0.0873 0.0876 0.0879 0.0882 0.0884 0.0887 0.0888 0.0889 0.0890
0.0860 0.0861 0.0862 0.0865 0.0869 0.0874 0.0879 0.0884 0.0890 0.0894 0.0897 0.0900 0.0900
0.0852 0.0853 0.0856 0.0860 0.0866 0.0873 0.0880 0.0888 0.0896 0.0902 0.0907 0.0910 0.0911
0.0845 0.0847 0.0850 0.0855 0.0863 0.0872 0.0882 0.0892 0.0902 0.0911 0.0918 0.0922 0.0924
0.0840 0.0841 0.0845 0.0852 0.0861 0.0871 0.0883 0.0896 0.0909 0.0920 0.0928 0.0934 0.0936
0.0836 0.0837 0.0842 0.0849 0.0859 0.0872 0.0886 0.0901 0.0916 0.0929 0.0940 0.0946 0.0949
0.0833 0.0834 0.0839 0.0847 0.0859 0.0873 0.0889 0.0906 0.0924 0.0939 0.0952 0.0959 0.0962
0.0831 0.0833 0.0838 0.0847 0.0859 0.0874 0.0892 0.0912 0.0931 0.0949 0.0964 0.0973 0.0976
0.0831 0.0833 0.0838 0.0847 0.0860 0.0877 0.0897 0.0918 0.0940 0.0960 0.0976 0.0987 0.0990
0.0834 0.0835 0.0841 0.0850 0.0863 0.0881 0.0902 0.0925 0.0949 0.0971 0.0989 0.1001 0.1005
0.0838 0.0840 0.0845 0.0854 0.0868 0.0886 0.0908 0.0933 0.0959 0.0983 0.1003 0.1016 0.1020
0.0845 0.0846 0.0851 0.0860 0.0873 0.0892 0.0915 0.0942 0.0970 0.0996 0.1017 0.1031 0.1036
0.0854 0.0856 0.0860 0.0868 0.0881 0.0900 0.0924 0.0951 0.0981 0.1009 0.1032 0.1047 0.1053
0.0867 0.0868 0.0871 0.0879 0.0891 0.0909 0.0933 0.0962 0.0993 0.1023 0.1048 0.1064 0.1070
0.0883 0.0883 0.0886 0.0892 0.0903 0.0920 0.0945 0.0974 0.1007 0.1038 0.1064 0.1081 0.1087
0.0902 0.0902 0.0903 0.0908 0.0917 0.0934 0.0957 0.0988 0.1021 0.1054 0.1081 0.1100 0.1106
