0.0869 0.0869 0.0869 0.0869 0.0869 0.0869 0.0869 0.0869 0.0869 0.0869 0.0869 0.0869 0.0869
0.0871 0.0871 0.0871 0.0871 0.0871 0.0870 0.0870 0.0870 0.0870 0.0871 0.0871 0.0871 0.0871
0.0876 0.0876 0.0875 0.0874 0.0873 0.0873 0.0872 0.0872 0.0873 0.0873 0.0873 0.0874 0.0874
0.0883 0.0883 0.0882 0.0880 0.0879 0.0878 0.0877 0.0877 0.0877 0.0878 0.0878 0.0878 0.0879
0.0894 0.0893 0.0891 0.0889 0.0886 0.0884 0.0882 0.0882 0.0882 0.0883 0.0884 0.0885 0.0885
0.0908 0.0907 0.0904 0.0900 0.0896 0.0892 0.0889 0.0889 0.0889 0.0890 0.0892 0.0894 0.0894
0.0927 0.0925 0.0921 0.0915 0.0909 0.0903 0.0899 0.0897 0.0898 0.0900 0.0901 0.0903 0.0904
0.0951 0.0948 0.0942 0.0934 0.0924 0.0916 0.0911 0.0908 0.0908 0.0910 0.0913 0.0914 0.0915
0.0980 0.0977 0.0969 0.0957 0.0944 0.0933 0.0924 0.0920 0.0920 0.0922 0.0925 0.0927 0.0928
0.1017 0.1012 0.1001 0.0985 0.0968 0.0953 0.0941 0.0935 0.0934 0.0936 0.0939 0.0942 0.0943
0.1062 0.1057 0.1040 0.1019 0.0996 0.0976 0.0960 0.0952 0.0949 0.0951 0.0954 0.0958 0.0960
0.1113 0.1106 0.1087 0.1059 0.1030 0.1004 0.0983 0.0971 0.0967 0.0968 0.0972 0.0976 0.0978
0.1179 0.1169 0.1144 0.1108 0.1070 0.1036 0.1010 0.0994 0.0988 0.0988 0.0991 0.0995 0.0997
0.1259 0.1246 0.1212 0.1166 0.1117 0.1074 0.1041 0.1020 0.1011 0.1010 0.1013 0.1016 0.1018
0.1354 0.1338 0.1295 0.1235 0.1173 0.1119 0.1077 0.1051 0.1037 0.1034 0.1037 0.1040 0.1041
0.1471 0.1450 0.1394 0.1318 0.1239 0.1170 0.1119 0.1085 0.1067 0.1062 0.1063 0.1066 0.1068
0.1612 0.1586 0.1514 0.1417 0.1317 0.1231 0.1167 0.1124 0.1101 0.1093 0.1093 0.1095 0.1097
