0.1005 0.1005 0.1005 0.1005 0.1005 0.1005 0.1005 0.1005 0.1005 0.1005 0.1005 0.1005 0.1005
0.1011 0.1011 0.1010 0.1009 0.1008 0.1007 0.1006 0.1005 0.1004 0.1003 0.1003 0.1002 0.1002
0.1020 0.1019 0.1019 0.1017 0.1014 0.1012 0.1009 0.1007 0.1007 0.1006 0.1005 0.1005 0.1004
0.1034 0.1033 0.1030 0.1027 0.1023 0.1019 0.1016 0.1013 0.1011 0.1010 0.1009 0.1009 0.1009
0.1053 0.1051 0.1048 0.1042 0.1036 0.1030 0.1025 0.1020 0.1018 0.1017 0.1017 0.1017 0.1017
0.1076 0.1075 0.1069 0.1061 0.1052 0.1042 0.1036 0.1030 0.1028 0.1026 0.1026 0.1027 0.1027
0.1108 0.1105 0.1096 0.1085 0.1071 0.1059 0.1050 0.1043 0.1040 0.1039 0.1039 0.1040 0.1041
0.1146 0.1142 0.1130 0.1114 0.1096 0.1080 0.1067 0.1059 0.1054 0.1053 0.1054 0.1056 0.1056
0.1193 0.1187 0.1172 0.1150 0.1126 0.1105 0.1088 0.1077 0.1072 0.1071 0.1072 0.1074 0.1075
0.1250 0.1243 0.1221 0.1192 0.1162 0.1134 0.1112 0.1099 0.1093 0.1092 0.1094 0.1095 0.1097
0.1319 0.1310 0.1282 0.1244 0.1203 0.1168 0.1141 0.1124 0.1117 0.1115 0.1117 0.1120 0.1121
0.1404 0.1391 0.1354 0.1305 0.1253 0.1208 0.1175 0.1153 0.1143 0.1141 0.1144 0.1147 0.1149
0.1505 0.1487 0.1441 0.1377 0.1312 0.1255 0.1213 0.1186 0.1175 0.1172 0.1175 0.1178 0.1180
0.1626 0.1604 0.1544 0.1463 0.1380 0.1309 0.1257 0.1225 0.1209 0.1206 0.1209 0.1213 0.1215
0.1772 0.1744 0.1667 0.1564 0.1460 0.1371 0.1307 0.1268 0.1249 0.1244 0.1247 0.1251 0.1254
0.1948 0.1911 0.1813 0.1683 0.1553 0.1444 0.1365 0.1318 0.1294 0.1287 0.1290 0.1295 0.1297
0.2156 0.2110 0.1986 0.1823 0.1662 0.1527 0.1432 0.1374 0.1345 0.1336 0.1337 0.1342 0.1345
