0.0805 0.0805 0.0805 0.0805 0.0805 0.0805 0.0805 0.0805 0.0805 0.0805 0.0805 0.0805 0.0805
0.0805 0.0805 0.0805 0.0805 0.0805 0.0805 0.0805 0.0805 0.0805 0.0805 0.0805 0.0805 0.0805
0.0803 0.0803 0.0803 0.0803 0.0803 0.0803 0.0803 0.0803 0.0803 0.0803 0.0803 0.0803 0.0803
0.0804 0.0804 0.0804 0.0804 0.0804 0.0804 0.0804 0.0804 0.0804 0.0804 0.0804 0.0804 0.0804
0.0807 0.0807 0.0807 0.0807 0.0807 0.0807 0.0807 0.0807 0.0807 0.0807 0.0807 0.0807 0.0807
0.0810 0.0810 0.0810 0.0810 0.0810 0.0810 0.0810 0.0810 0.0810 0.0810 0.0810 0.0810 0.0810
0.0814 0.0814 0.0814 0.0814 0.0814 0.0814 0.0814 0.0814 0.0814 0.0814 0.0814 0.0814 0.0814
0.0820 0.0820 0.0820 0.0820 0.0820 0.0820 0.0820 0.0820 0.0820 0.0820 0.0820 0.0820 0.0820
0.0827 0.0827 0.0827 0.0827 0.0827 0.0827 0.0827 0.0827 0.0827 0.0827 0.0827 0.0827 0.0827
0.0835 0.0835 0.0835 0.0835 0.0835 0.0835 0.0835 0.0835 0.0835 0.0835 0.0835 0.0835 0.0835
0.0846 0.0846 0.0846 0.0846 0.0846 0.0846 0.0846 0.0846 0.0846 0.0846 0.0846 0.0846 0.0846
0.0857 0.0857 0.0857 0.0857 0.0857 0.0857 0.0857 0.0857 0.0857 0.0857 0.0857 0.0857 0.0857
0.0873 0.0873 0.0873 0.0873 0.0873 0.0873 0.0873 0.0873 0.0873 0.0873 0.0873 0.0873 0.0873
0.0891 0.0891 0.0891 0.0891 0.0891 0.0891 0.0891 0.0891 0.0891 0.0891 0.0891 0.0891 0.0891
0.0912 0.0912 0.0912 0.0912 0.0912 0.0912 0.0912 0.0912 0.0912 0.0912 0.0912 0.0912 0.0912
0.0937 0.0937 0.0937 0.0937 0.0937 0.0937 0.0937 0.0937 0.0937 0.0937 0.0937 0.0937 0.0937
0.0968 0.0968 0.0968 0.0968 0.0968 0.0968 0.0968 0.0968 0.0968 0.0968 0.0968 0.0968 0.0968
