0.0978 0.0978 0.0978 0.0978 0.0978 0.0978 0.0978 0.0978 0.0978 0.0978 0.0978 0.0978 0.0978
0.0978 0.0978 0.0978 0.0978 0.0978 0.0978 0.0978 0.0978 0.0978 0.0978 0.0978 0.0978 0.0978
0.0978 0.0978 0.0978 0.0978 0.0978 0.0978 0.0978 0.0978 0.0978 0.0978 0.0978 0.0978 0.0978
0.0978 0.0978 0.0978 0.0978 0.0978 0.0978 0.0978 0.0978 0.0978 0.0978 0.0978 0.0978 0.0978
0.0980 0.0980 0.0980 0.0980 0.0980 0.0980 0.0980 0.0980 0.0980 0.0980 0.0980 0.0980 0.0980
0.0981 0.0981 0.0981 0.0981 0.0981 0.0981 0.0981 0.0981 0.0981 0.0981 0.0981 0.0981 0.0981
0.0982 0.0982 0.0982 0.0982 0.0982 0.0982 0.0982 0.0982 0.0982 0.0982 0.0982 0.0982 0.0982
0.0984 0.0984 0.0984 0.0984 0.0984 0.0984 0.0984 0.0984 0.0984 0.0984 0.0984 0.0984 0.0984
0.0987 0.0987 0.0987 0.0987 0.0987 0.0987 0.0987 0.0987 0.0987 0.0987 0.0987 0.0987 0.0987
0.0991 0.0991 0.0991 0.0991 0.0991 0.0991 0.0991 0.0991 0.0991 0.0991 0.0991 0.0991 0.0991
0.0995 0.0995 0.0995 0.0995 0.0995 0.0995 0.0995 0.0995 0.0995 0.0995 0.0995 0.0995 0.0995
0.1000 0.1000 0.1000 0.1000 0.1000 0.1000 0.1000 0.1000 0.1000 0.1000 0.1000 0.1000 0.1000
0.1007 0.1007 0.1007 0.1007 0.1007 0.1007 0.1007 0.1007 0.1007 0.1007 0.1007 0.1007 0.1007
0.1015 0.1015 0.1015 0.1015 0.1015 0.1015 0.1015 0.1015 0.1015 0.1015 0.1015 0.1015 0.1015
0.1025 0.1025 0.1025 0.1025 0.1025 0.1025 0.1025 0.1025 0.1025 0.1025 0.1025 0.1025 0.1025
0.1038 0.1038 0.1038 0.1038 0.1038 0.1038 0.1038 0.1038 0.1038 0.1038 0.1038 0.1038 0.1038
0.1052 0.1052 0.1052 0.1052 0.1052 0.1052 0.1052 0.1052 0.1052 0.1052 0.1052 0.1052 0.1052
