0.1012 0.1012 0.1012 0.1012 0.1012 0.1012 0.1012 0.1012 0.1012 0.1012 0.1012 0.1012 0.1012
0.1008 0.1009 0.1009 0.1010 0.1010 0.1011 0.1013 0.1014 0.1015 0.1016 0.1017 0.1018 0.1018
0.1008 0.1008 0.1009 0.1010 0.1011 0.1013 0.1015 0.1017 0.1020 0.1022 0.1024 0.1025 0.1026
0.1011 0.1011 0.1012 0.1012 0.1014 0.1016 0.1019 0.1022 0.1026 0.1030 0.1033 0.1035 0.1036
0.1018 0.1018 0.1017 0.1017 0.1018 0.1020 0.1024 0.1028 0.1034 0.1039 0.1044 0.1047 0.1048
0.1028 0.1027 0.1027 0.1026 0.1026 0.1027 0.1031 0.1036 0.1043 0.1050 0.1056 0.1061 0.1062
0.1043 0.1042 0.1039 0.1037 0.1036 0.1036 0.1040 0.1046 0.1054 0.1063 0.1071 0.1076 0.1078
0.1063 0.1061 0.1057 0.1052 0.1048 0.1048 0.1051 0.1058 0.1067 0.1078 0.1087 0.1094 0.1096
0.1089 0.1087 0.1080 0.1072 0.1065 0.1062 0.1064 0.1071 0.1082 0.1094 0.1105 0.1113 0.1116
0.1122 0.1119 0.1109 0.1096 0.1085 0.1079 0.1080 0.1087 0.1099 0.1112 0.1126 0.1135 0.1138
0.1165 0.1159 0.1145 0.1126 0.1110 0.1100 0.1098 0.1105 0.1117 0.1133 0.1148 0.1158 0.1162
0.1217 0.1210 0.1189 0.1163 0.1140 0.1124 0.1120 0.1125 0.1138 0.1156 0.1172 0.1184 0.1188
0.1282 0.1271 0.1243 0.1209 0.1176 0.1154 0.1145 0.1149 0.1162 0.1181 0.1199 0.1212 0.1217
0.1361 0.1347 0.1311 0.1263 0.1219 0.1188 0.1174 0.1176 0.1189 0.1209 0.1229 0.1243 0.1248
0.1458 0.1439 0.1391 0.1329 0.1271 0.1229 0.1207 0.1206 0.1219 0.1240 0.1261 0.1277 0.1283
0.1575 0.1553 0.1489 0.1408 0.1332 0.1277 0.1247 0.1241 0.1253 0.1275 0.1298 0.1314 0.1320
0.1721 0.1688 0.1607 0.1502 0.1405 0.1332 0.1293 0.1282 0.1292 0.1313 0.1337 0.1355 0.1363
