0.0812 0.0812 0.0812 0.0812 0.0812 0.0812 0.0812 0.0812 0.0812 0.0812 0.0812 0.0812 0.0812
0.0814 0.0814 0.0814 0.0814 0.0813 0.0813 0.0813 0.0813 0.0812 0.0812 0.0812 0.0812 0.0812
0.0818 0.0818 0.0818 0.0817 0.0816 0.0816 0.0815 0.0815 0.0814 0.0814 0.0813 0.0813 0.0813
0.0825 0.0825 0.0824 0.0823 0.0822 0.0820 0.0819 0.0818 0.0817 0.0817 0.0817 0.0817 0.0817
0.0834 0.0834 0.0833 0.0830 0.0828 0.0826 0.0824 0.0823 0.0822 0.0822 0.0822 0.0822 0.0822
0.0847 0.0846 0.0844 0.0841 0.0837 0.0834 0.0832 0.0830 0.0828 0.0828 0.0828 0.0828 0.0828
0.0864 0.0863 0.0859 0.0855 0.0849 0.0845 0.0841 0.0838 0.0836 0.0835 0.0835 0.0835 0.0836
0.0885 0.0883 0.0878 0.0872 0.0864 0.0857 0.0852 0.0848 0.0846 0.0844 0.0844 0.0845 0.0846
0.0910 0.0908 0.0901 0.0892 0.0883 0.0873 0.0866 0.0860 0.0857 0.0855 0.0855 0.0855 0.0856
0.0939 0.0936 0.0928 0.0917 0.0905 0.0893 0.0882 0.0875 0.0870 0.0868 0.0867 0.0867 0.0867
0.0974 0.0971 0.0961 0.0947 0.0931 0.0915 0.0902 0.0892 0.0886 0.0882 0.0881 0.0881 0.0881
0.1017 0.1013 0.1001 0.0983 0.0962 0.0942 0.0925 0.0912 0.0903 0.0899 0.0897 0.0896 0.0896
0.1068 0.1063 0.1047 0.1025 0.0999 0.0974 0.0952 0.0935 0.0924 0.0918 0.0915 0.0914 0.0914
0.1128 0.1121 0.1102 0.1074 0.1042 0.1011 0.0983 0.0962 0.0947 0.0939 0.0935 0.0933 0.0933
0.1199 0.1191 0.1166 0.1132 0.1093 0.1054 0.1020 0.0993 0.0975 0.0964 0.0958 0.0956 0.0955
0.1284 0.1273 0.1243 0.1200 0.1151 0.1103 0.1062 0.1029 0.1006 0.0992 0.0984 0.0981 0.0980
0.1385 0.1372 0.1334 0.1280 0.1219 0.1161 0.1110 0.1070 0.1042 0.1023 0.1014 0.1009 0.1008
