0.0840 0.0840 0.0840 0.0840 0.0840 0.0840 0.0840 0.0840 0.0840 0.0840 0.0840 0.0840 0.0840
0.0839 0.0839 0.0839 0.0840 0.0840 0.0840 0.0841 0.0841 0.0841 0.0842 0.0842 0.0842 0.0842
0.0840 0.0840 0.0841 0.0841 0.0841 0.0842 0.0842 0.0843 0.0844 0.0845 0.0845 0.0845 0.0846
0.0843 0.0843 0.0843 0.0844 0.0844 0.0844 0.0845 0.0846 0.0848 0.0849 0.0849 0.0850 0.0850
0.0848 0.0848 0.0848 0.0848 0.0848 0.0849 0.0849 0.0851 0.0852 0.0854 0.0855 0.0856 0.0856
0.0856 0.0856 0.0855 0.0854 0.0854 0.0854 0.0855 0.0856 0.0858 0.0860 0.0862 0.0863 0.0864
0.0867 0.0867 0.0865 0.0864 0.0862 0.0862 0.0862 0.0864 0.0865 0.0868 0.0870 0.0872 0.0873
0.0881 0.0881 0.0878 0.0876 0.0873 0.0871 0.0871 0.0872 0.0874 0.0876 0.0879 0.0881 0.0882
0.0899 0.0898 0.0894 0.0890 0.0886 0.0883 0.0882 0.0882 0.0884 0.0886 0.0889 0.0891 0.0893
0.0920 0.0919 0.0915 0.0909 0.0903 0.0898 0.0894 0.0894 0.0895 0.0898 0.0900 0.0902 0.0903
0.0947 0.0945 0.0939 0.0931 0.0923 0.0915 0.0910 0.0908 0.0909 0.0911 0.0913 0.0915 0.0916
0.0979 0.0976 0.0969 0.0958 0.0946 0.0936 0.0928 0.0924 0.0923 0.0925 0.0928 0.0930 0.0931
0.1018 0.1014 0.1004 0.0990 0.0975 0.0960 0.0949 0.0943 0.0941 0.0942 0.0944 0.0946 0.0947
0.1064 0.1059 0.1047 0.1028 0.1008 0.0989 0.0975 0.0965 0.0961 0.0960 0.0962 0.0964 0.0964
0.1120 0.1114 0.1097 0.1074 0.1048 0.1023 0.1004 0.0991 0.0984 0.0982 0.0982 0.0984 0.0985
0.1187 0.1179 0.1158 0.1127 0.1094 0.1063 0.1038 0.1021 0.1010 0.1006 0.1006 0.1006 0.1007
0.1268 0.1257 0.1230 0.1191 0.1149 0.1110 0.1078 0.1055 0.1041 0.1034 0.1031 0.1032 0.1032
