0.0824 0.0824 0.0824 0.0824 0.0824 0.0824 0.0824 0.0824 0.0824 0.0824 0.0824 0.0824 0.0824
0.0824 0.0824 0.0824 0.0824 0.0824 0.0825 0.0825 0.0825 0.0826 0.0826 0.0826 0.0827 0.0827
0.0825 0.0825 0.0825 0.0825 0.0825 0.0826 0.0827 0.0827 0.0828 0.0829 0.0829 0.0829 0.0829
0.0825 0.0825 0.0826 0.0827 0.0827 0.0828 0.0829 0.0830 0.0831 0.0832 0.0832 0.0834 0.0834
0.0828 0.0828 0.0829 0.0830 0.0830 0.0831 0.0832 0.0833 0.0835 0.0836 0.0837 0.0838 0.0839
0.0833 0.0833 0.0834 0.0834 0.0835 0.0836 0.0837 0.0838 0.0839 0.0841 0.0842 0.0843 0.0844
0.0840 0.0840 0.0840 0.0840 0.0841 0.0842 0.0843 0.0844 0.0846 0.0847 0.0848 0.0849 0.0849
0.0848 0.0848 0.0848 0.0848 0.0849 0.0849 0.0850 0.0851 0.0853 0.0854 0.0855 0.0856 0.0856
0.0859 0.0859 0.0859 0.0858 0.0858 0.0858 0.0859 0.0860 0.0861 0.0863 0.0864 0.0865 0.0865
0.0873 0.0873 0.0872 0.0871 0.0870 0.0870 0.0870 0.0870 0.0871 0.0873 0.0874 0.0875 0.0875
0.0890 0.0890 0.0888 0.0887 0.0885 0.0883 0.0882 0.0882 0.0883 0.0884 0.0885 0.0886 0.0887
0.0911 0.0910 0.0908 0.0905 0.0903 0.0900 0.0898 0.0897 0.0897 0.0897 0.0898 0.0899 0.0899
0.0936 0.0935 0.0932 0.0928 0.0924 0.0920 0.0916 0.0914 0.0913 0.0913 0.0914 0.0914 0.0914
0.0966 0.0965 0.0961 0.0956 0.0949 0.0943 0.0938 0.0934 0.0931 0.0931 0.0931 0.0931 0.0931
0.1001 0.1000 0.0995 0.0988 0.0979 0.0971 0.0963 0.0958 0.0954 0.0952 0.0951 0.0950 0.0950
0.1043 0.1041 0.1035 0.1025 0.1014 0.1003 0.0993 0.0985 0.0980 0.0976 0.0974 0.0973 0.0973
0.1093 0.1090 0.1082 0.1070 0.1055 0.1041 0.1028 0.1017 0.1009 0.1004 0.1001 0.0999 0.0998
