0.0972 0.0972 0.0972 0.0972 0.0972 0.0972 0.0972 0.0972 0.0972 0.0972 0.0972 0.0972 0.0972
0.0965 0.0965 0.0966 0.0967 0.0969 0.0971 0.0973 0.0975 0.0977 0.0978 0.0980 0.0981 0.0981
0.0960 0.0961 0.0962 0.0964 0.0967 0.0970 0.0974 0.0978 0.0982 0.0985 0.0988 0.0990 0.0990
0.0958 0.0958 0.0960 0.0963 0.0966 0.0971 0.0977 0.0982 0.0988 0.0993 0.0997 0.1000 0.1001
0.0957 0.0957 0.0959 0.0963 0.0967 0.0973 0.0980 0.0988 0.0996 0.1003 0.1008 0.1012 0.1013
0.0958 0.0958 0.0960 0.0964 0.0969 0.0976 0.0985 0.0994 0.1004 0.1013 0.1020 0.1025 0.1027
0.0961 0.0962 0.0964 0.0968 0.0973 0.0981 0.0991 0.1002 0.1014 0.1024 0.1033 0.1039 0.1042
0.0967 0.0968 0.0969 0.0973 0.0979 0.0987 0.0998 0.1011 0.1024 0.1038 0.1048 0.1055 0.1058
0.0976 0.0977 0.0978 0.0981 0.0986 0.0995 0.1007 0.1021 0.1037 0.1052 0.1064 0.1072 0.1075
0.0988 0.0988 0.0989 0.0991 0.0996 0.1005 0.1017 0.1033 0.1050 0.1067 0.1081 0.1091 0.1094
0.1005 0.1004 0.1004 0.1004 0.1008 0.1016 0.1029 0.1046 0.1065 0.1084 0.1100 0.1111 0.1115
0.1025 0.1024 0.1022 0.1021 0.1023 0.1030 0.1043 0.1061 0.1081 0.1102 0.1120 0.1132 0.1137
0.1051 0.1049 0.1045 0.1041 0.1041 0.1047 0.1059 0.1078 0.1100 0.1122 0.1142 0.1156 0.1160
0.1082 0.1079 0.1073 0.1066 0.1063 0.1066 0.1078 0.1097 0.1120 0.1145 0.1166 0.1181 0.1186
0.1120 0.1116 0.1106 0.1095 0.1088 0.1089 0.1099 0.1118 0.1143 0.1169 0.1192 0.1208 0.1214
0.1165 0.1159 0.1146 0.1130 0.1118 0.1115 0.1124 0.1142 0.1168 0.1196 0.1220 0.1238 0.1244
0.1219 0.1212 0.1193 0.1171 0.1154 0.1146 0.1152 0.1169 0.1196 0.1225 0.1251 0.1270 0.1276
