0.0974 0.0974 0.0974 0.0974 0.0974 0.0974 0.0974 0.0974 0.0974 0.0974 0.0974 0.0974 0.0974
0.0971 0.0971 0.0971 0.0972 0.0973 0.0973 0.0974 0.0976 0.0976 0.0977 0.0978 0.0978 0.0978
0.0968 0.0968 0.0969 0.0971 0.0972 0.0973 0.0975 0.0977 0.0978 0.0980 0.0981 0.0982 0.0982
0.0966 0.0967 0.0968 0.0970 0.0972 0.0974 0.0976 0.0979 0.0981 0.0984 0.0986 0.0986 0.0987
0.0966 0.0966 0.0968 0.0970 0.0973 0.0976 0.0978 0.0982 0.0985 0.0988 0.0991 0.0992 0.0993
0.0967 0.0967 0.0968 0.0971 0.0974 0.0978 0.0981 0.0986 0.0989 0.0993 0.0996 0.0997 0.0998
0.0968 0.0969 0.0971 0.0973 0.0976 0.0981 0.0985 0.0990 0.0994 0.0999 0.1002 0.1004 0.1004
0.0971 0.0972 0.0973 0.0976 0.0980 0.0984 0.0989 0.0995 0.1000 0.1004 0.1008 0.1011 0.1012
0.0976 0.0976 0.0978 0.0981 0.0984 0.0989 0.0995 0.1001 0.1007 0.1012 0.1016 0.1018 0.1019
0.0982 0.0982 0.0984 0.0987 0.0991 0.0996 0.1002 0.1007 0.1014 0.1020 0.1024 0.1027 0.1028
0.0990 0.0991 0.0992 0.0995 0.0999 0.1004 0.1009 0.1016 0.1022 0.1028 0.1033 0.1036 0.1037
0.1000 0.1001 0.1002 0.1004 0.1009 0.1013 0.1019 0.1025 0.1032 0.1038 0.1043 0.1046 0.1048
0.1014 0.1014 0.1015 0.1017 0.1020 0.1025 0.1030 0.1037 0.1043 0.1049 0.1054 0.1058 0.1059
0.1030 0.1030 0.1031 0.1033 0.1035 0.1038 0.1043 0.1050 0.1056 0.1062 0.1067 0.1071 0.1072
0.1050 0.1050 0.1050 0.1051 0.1052 0.1055 0.1059 0.1064 0.1071 0.1077 0.1082 0.1085 0.1086
0.1073 0.1073 0.1072 0.1072 0.1072 0.1074 0.1077 0.1082 0.1087 0.1093 0.1098 0.1101 0.1103
0.1101 0.1100 0.1099 0.1098 0.1097 0.1097 0.1098 0.1102 0.1107 0.1111 0.1116 0.1119 0.1120
