0.0990 0.0990 0.0990 0.0990 0.0990 0.0990 0.0990 0.0990 0.0990 0.0990 0.0990 0.0990 0.0990
0.0985 0.0985 0.0986 0.0987 0.0988 0.0989 0.0991 0.0992 0.0994 0.0995 0.0996 0.0997 0.0997
0.0982 0.0982 0.0983 0.0985 0.0987 0.0989 0.0992 0.0996 0.0998 0.1001 0.1003 0.1005 0.1005
0.0981 0.0982 0.0983 0.0985 0.0988 0.0991 0.0996 0.1000 0.1005 0.1008 0.1012 0.1014 0.1014
0.0983 0.0983 0.0984 0.0987 0.0990 0.0994 0.1000 0.1005 0.1012 0.1017 0.1022 0.1024 0.1026
0.0987 0.0987 0.0988 0.0990 0.0994 0.0999 0.1005 0.1013 0.1020 0.1027 0.1033 0.1037 0.1038
0.0993 0.0993 0.0994 0.0996 0.1000 0.1005 0.1012 0.1021 0.1030 0.1039 0.1046 0.1051 0.1052
0.1002 0.1002 0.1003 0.1005 0.1008 0.1013 0.1021 0.1031 0.1041 0.1051 0.1060 0.1066 0.1068
0.1015 0.1015 0.1014 0.1015 0.1018 0.1023 0.1032 0.1042 0.1054 0.1066 0.1076 0.1083 0.1085
0.1032 0.1031 0.1030 0.1029 0.1031 0.1035 0.1044 0.1055 0.1068 0.1082 0.1093 0.1102 0.1104
0.1053 0.1052 0.1049 0.1047 0.1046 0.1050 0.1058 0.1070 0.1085 0.1100 0.1113 0.1122 0.1125
0.1079 0.1077 0.1073 0.1068 0.1066 0.1067 0.1075 0.1087 0.1103 0.1120 0.1134 0.1144 0.1148
0.1111 0.1108 0.1102 0.1093 0.1088 0.1088 0.1094 0.1107 0.1124 0.1142 0.1157 0.1169 0.1173
0.1150 0.1146 0.1137 0.1124 0.1115 0.1112 0.1117 0.1129 0.1146 0.1166 0.1183 0.1195 0.1199
0.1197 0.1191 0.1178 0.1161 0.1147 0.1140 0.1143 0.1155 0.1172 0.1193 0.1211 0.1225 0.1229
0.1253 0.1246 0.1227 0.1204 0.1184 0.1173 0.1173 0.1183 0.1201 0.1223 0.1243 0.1257 0.1262
0.1320 0.1311 0.1286 0.1255 0.1228 0.1210 0.1207 0.1215 0.1234 0.1256 0.1277 0.1292 0.1297
