0.0957 0.0957 0.0957 0.0957 0.0957 0.0957 0.0957 0.0957 0.0957 0.0957 0.0957 0.0957 0.0957
0.0948 0.0948 0.0949 0.0951 0.0953 0.0955 0.0957 0.0960 0.0963 0.0965 0.0966 0.0968 0.0968
0.0942 0.0942 0.0944 0.0946 0.0949 0.0954 0.0958 0.0963 0.0968 0.0972 0.0975 0.0977 0.0978
0.0936 0.0937 0.0939 0.0943 0.0947 0.0953 0.0960 0.0967 0.0974 0.0980 0.0985 0.0988 0.0990
0.0933 0.0934 0.0936 0.0940 0.0946 0.0953 0.0962 0.0971 0.0981 0.0989 0.0996 0.1001 0.1002
0.0932 0.0933 0.0936 0.0940 0.0946 0.0955 0.0965 0.0976 0.0988 0.0999 0.1008 0.1013 0.1015
0.0934 0.0934 0.0937 0.0941 0.0948 0.0957 0.0968 0.0982 0.0996 0.1009 0.1020 0.1027 0.1029
0.0938 0.0939 0.0941 0.0944 0.0951 0.0961 0.0973 0.0988 0.1004 0.1020 0.1032 0.1041 0.1044
0.0946 0.0946 0.0948 0.0950 0.0956 0.0966 0.0979 0.0995 0.1014 0.1031 0.1046 0.1055 0.1059
0.0959 0.0958 0.0958 0.0959 0.0964 0.0973 0.0986 0.1004 0.1024 0.1043 0.1060 0.1071 0.1075
0.0972 0.0972 0.0972 0.0971 0.0974 0.0982 0.0995 0.1013 0.1035 0.1056 0.1074 0.1087 0.1092
0.0993 0.0992 0.0991 0.0987 0.0987 0.0993 0.1005 0.1024 0.1047 0.1070 0.1090 0.1104 0.1110
0.1029 0.1024 0.1016 0.1008 0.1004 0.1007 0.1018 0.1036 0.1060 0.1085 0.1106 0.1121 0.1127
0.1063 0.1059 0.1048 0.1035 0.1025 0.1025 0.1033 0.1051 0.1074 0.1101 0.1124 0.1140 0.1146
0.1112 0.1105 0.1088 0.1068 0.1052 0.1046 0.1051 0.1067 0.1091 0.1118 0.1142 0.1159 0.1165
0.1173 0.1163 0.1139 0.1110 0.1085 0.1072 0.1073 0.1086 0.1110 0.1137 0.1163 0.1180 0.1187
0.1249 0.1236 0.1203 0.1161 0.1125 0.1103 0.1098 0.1109 0.1131 0.1158 0.1185 0.1203 0.1210
