0.0894 0.0894 0.0894 0.0894 0.0894 0.0894 0.0894 0.0894 0.0894 0.0894 0.0894 0.0894 0.0894
0.0894 0.0894 0.0894 0.0895 0.0895 0.0895 0.0895 0.0895 0.0895 0.0896 0.0896 0.0896 0.0896
0.0897 0.0897 0.0897 0.0897 0.0897 0.0897 0.0897 0.0897 0.0898 0.0898 0.0899 0.0899 0.0899
0.0901 0.0901 0.0901 0.0901 0.0901 0.0901 0.0901 0.0902 0.0902 0.0903 0.0903 0.0904 0.0904
0.0909 0.0908 0.0908 0.0907 0.0907 0.0907 0.0907 0.0907 0.0908 0.0909 0.0910 0.0910 0.0910
0.0919 0.0919 0.0918 0.0916 0.0915 0.0914 0.0914 0.0914 0.0915 0.0916 0.0917 0.0918 0.0919
0.0933 0.0932 0.0930 0.0928 0.0926 0.0924 0.0923 0.0923 0.0924 0.0925 0.0927 0.0928 0.0928
0.0950 0.0949 0.0946 0.0943 0.0939 0.0937 0.0935 0.0934 0.0935 0.0936 0.0937 0.0939 0.0940
0.0972 0.0970 0.0966 0.0961 0.0956 0.0952 0.0949 0.0947 0.0947 0.0948 0.0950 0.0951 0.0952
0.0997 0.0995 0.0991 0.0984 0.0977 0.0970 0.0965 0.0963 0.0962 0.0963 0.0964 0.0966 0.0966
0.1028 0.1026 0.1020 0.1011 0.1001 0.0992 0.0985 0.0981 0.0979 0.0979 0.0980 0.0982 0.0982
0.1066 0.1063 0.1055 0.1044 0.1031 0.1018 0.1008 0.1002 0.0999 0.0998 0.0999 0.1000 0.1000
0.1111 0.1107 0.1097 0.1082 0.1065 0.1049 0.1035 0.1026 0.1021 0.1019 0.1020 0.1021 0.1021
0.1164 0.1160 0.1146 0.1127 0.1105 0.1084 0.1067 0.1054 0.1047 0.1044 0.1043 0.1044 0.1044
0.1228 0.1222 0.1205 0.1180 0.1152 0.1126 0.1103 0.1087 0.1077 0.1072 0.1070 0.1070 0.1070
0.1303 0.1295 0.1273 0.1242 0.1207 0.1173 0.1145 0.1124 0.1110 0.1103 0.1100 0.1099 0.1099
0.1391 0.1381 0.1354 0.1314 0.1271 0.1229 0.1194 0.1167 0.1149 0.1138 0.1133 0.1132 0.1131
