0.0920 0.0920 0.0920 0.0920 0.0920 0.0920 0.0920 0.0920 0.0920 0.0920 0.0920 0.0920 0.0920
0.0919 0.0919 0.0919 0.0920 0.0920 0.0921 0.0921 0.0922 0.0923 0.0923 0.0924 0.0924 0.0924
0.0919 0.0919 0.0920 0.0920 0.0921 0.0922 0.0923 0.0924 0.0926 0.0927 0.0927 0.0928 0.0928
0.0922 0.0922 0.0922 0.0923 0.0924 0.0925 0.0926 0.0928 0.0930 0.0932 0.0933 0.0934 0.0934
0.0926 0.0926 0.0926 0.0927 0.0928 0.0929 0.0931 0.0933 0.0936 0.0938 0.0939 0.0941 0.0941
0.0933 0.0933 0.0933 0.0933 0.0934 0.0935 0.0937 0.0940 0.0942 0.0945 0.0947 0.0949 0.0950
0.0942 0.0942 0.0942 0.0942 0.0942 0.0943 0.0945 0.0947 0.0951 0.0954 0.0956 0.0959 0.0959
0.0955 0.0955 0.0954 0.0953 0.0952 0.0953 0.0954 0.0957 0.0960 0.0964 0.0967 0.0969 0.0971
0.0972 0.0971 0.0969 0.0967 0.0966 0.0965 0.0966 0.0968 0.0971 0.0975 0.0979 0.0981 0.0983
0.0992 0.0991 0.0988 0.0985 0.0982 0.0980 0.0979 0.0981 0.0984 0.0988 0.0992 0.0995 0.0996
0.1017 0.1015 0.1011 0.1006 0.1001 0.0997 0.0996 0.0996 0.0999 0.1003 0.1007 0.1010 0.1011
0.1047 0.1045 0.1039 0.1032 0.1025 0.1018 0.1014 0.1014 0.1016 0.1019 0.1023 0.1026 0.1027
0.1083 0.1080 0.1073 0.1063 0.1052 0.1043 0.1037 0.1034 0.1035 0.1038 0.1042 0.1044 0.1045
0.1126 0.1122 0.1113 0.1099 0.1085 0.1072 0.1062 0.1057 0.1057 0.1059 0.1062 0.1065 0.1066
0.1177 0.1173 0.1160 0.1142 0.1123 0.1105 0.1092 0.1084 0.1081 0.1082 0.1085 0.1087 0.1088
0.1238 0.1232 0.1216 0.1192 0.1167 0.1144 0.1126 0.1115 0.1109 0.1108 0.1110 0.1112 0.1113
0.1310 0.1302 0.1281 0.1251 0.1219 0.1189 0.1165 0.1149 0.1141 0.1138 0.1139 0.1140 0.1141
