0.0973 0.0973 0.0973 0.0973 0.0973 0.0973 0.0973 0.0973 0.0973 0.0973 0.0973 0.0973 0.0973
0.0978 0.0977 0.0977 0.0976 0.0976 0.0975 0.0974 0.0973 0.0973 0.0972 0.0972 0.0971 0.0971
0.0985 0.0985 0.0984 0.0982 0.0981 0.0979 0.0977 0.0976 0.0975 0.0974 0.0973 0.0973 0.0973
0.0996 0.0995 0.0994 0.0991 0.0988 0.0985 0.0983 0.0981 0.0979 0.0978 0.0977 0.0977 0.0977
0.1011 0.1010 0.1008 0.1004 0.0999 0.0995 0.0991 0.0988 0.0985 0.0984 0.0984 0.0983 0.0983
0.1031 0.1029 0.1025 0.1020 0.1013 0.1006 0.1001 0.0997 0.0994 0.0993 0.0992 0.0992 0.0992
0.1055 0.1053 0.1048 0.1040 0.1030 0.1021 0.1014 0.1008 0.1005 0.1003 0.1002 0.1002 0.1002
0.1085 0.1083 0.1075 0.1064 0.1052 0.1040 0.1029 0.1022 0.1018 0.1016 0.1015 0.1015 0.1015
0.1122 0.1118 0.1108 0.1094 0.1077 0.1062 0.1048 0.1039 0.1033 0.1030 0.1030 0.1030 0.1030
0.1166 0.1161 0.1148 0.1129 0.1108 0.1087 0.1070 0.1058 0.1051 0.1048 0.1047 0.1047 0.1047
0.1219 0.1213 0.1195 0.1171 0.1143 0.1118 0.1096 0.1080 0.1071 0.1067 0.1066 0.1066 0.1067
0.1280 0.1272 0.1251 0.1220 0.1185 0.1153 0.1126 0.1106 0.1094 0.1089 0.1087 0.1087 0.1088
0.1354 0.1344 0.1316 0.1277 0.1234 0.1193 0.1160 0.1136 0.1121 0.1113 0.1111 0.1111 0.1111
0.1440 0.1428 0.1393 0.1344 0.1290 0.1240 0.1198 0.1169 0.1150 0.1141 0.1138 0.1137 0.1137
0.1543 0.1527 0.1483 0.1422 0.1355 0.1293 0.1242 0.1206 0.1183 0.1172 0.1167 0.1166 0.1166
0.1662 0.1642 0.1588 0.1511 0.1429 0.1353 0.1292 0.1248 0.1220 0.1205 0.1199 0.1198 0.1197
0.1801 0.1777 0.1710 0.1615 0.1514 0.1422 0.1348 0.1295 0.1261 0.1242 0.1235 0.1232 0.1232
