0.0986 0.0986 0.0986 0.0986 0.0986 0.0986 0.0986 0.0986 0.0986 0.0986 0.0986 0.0986 0.0986
0.0979 0.0979 0.0980 0.0981 0.0983 0.0984 0.0987 0.0989 0.0991 0.0992 0.0994 0.0995 0.0995
0.0975 0.0975 0.0976 0.0978 0.0981 0.0984 0.0988 0.0992 0.0996 0.0999 0.1002 0.1003 0.1004
0.0972 0.0973 0.0974 0.0977 0.0981 0.0985 0.0990 0.0996 0.1002 0.1007 0.1011 0.1014 0.1015
0.0972 0.0972 0.0974 0.0977 0.0982 0.0987 0.0994 0.1002 0.1009 0.1016 0.1022 0.1025 0.1027
0.0974 0.0975 0.0976 0.0980 0.0984 0.0991 0.0999 0.1008 0.1017 0.1026 0.1033 0.1038 0.1040
0.0979 0.0980 0.0981 0.0984 0.0989 0.0996 0.1005 0.1015 0.1026 0.1037 0.1046 0.1052 0.1054
0.0988 0.0988 0.0989 0.0991 0.0996 0.1003 0.1012 0.1024 0.1037 0.1049 0.1060 0.1066 0.1069
0.1000 0.1000 0.1000 0.1001 0.1005 0.1011 0.1021 0.1034 0.1048 0.1062 0.1074 0.1082 0.1085
0.1017 0.1016 0.1015 0.1014 0.1016 0.1022 0.1032 0.1045 0.1061 0.1077 0.1090 0.1099 0.1103
0.1037 0.1036 0.1034 0.1031 0.1031 0.1035 0.1045 0.1058 0.1075 0.1092 0.1107 0.1117 0.1121
0.1064 0.1063 0.1058 0.1053 0.1050 0.1052 0.1059 0.1073 0.1091 0.1109 0.1125 0.1136 0.1141
0.1100 0.1097 0.1089 0.1079 0.1072 0.1071 0.1077 0.1090 0.1108 0.1127 0.1145 0.1157 0.1161
0.1142 0.1137 0.1126 0.1111 0.1099 0.1094 0.1097 0.1109 0.1127 0.1147 0.1166 0.1179 0.1183
0.1194 0.1187 0.1171 0.1150 0.1132 0.1121 0.1121 0.1130 0.1148 0.1169 0.1188 0.1202 0.1207
0.1256 0.1248 0.1225 0.1197 0.1170 0.1153 0.1148 0.1155 0.1171 0.1192 0.1212 0.1227 0.1232
0.1332 0.1320 0.1291 0.1252 0.1216 0.1190 0.1179 0.1183 0.1197 0.1218 0.1239 0.1254 0.1259
