0.0868 0.0868 0.0868 0.0868 0.0868 0.0868 0.0868 0.0868 0.0868 0.0868 0.0868 0.0868 0.0868
0.0869 0.0869 0.0869 0.0869 0.0869 0.0869 0.0869 0.0869 0.0869 0.0869 0.0869 0.0870 0.0870
0.0871 0.0871 0.0871 0.0871 0.0871 0.0871 0.0871 0.0871 0.0872 0.0872 0.0872 0.0872 0.0872
0.0876 0.0876 0.0875 0.0875 0.0875 0.0875 0.0875 0.0875 0.0875 0.0875 0.0876 0.0876 0.0877
0.0882 0.0882 0.0881 0.0880 0.0880 0.0880 0.0880 0.0880 0.0880 0.0881 0.0881 0.0882 0.0882
0.0889 0.0889 0.0888 0.0888 0.0888 0.0887 0.0887 0.0887 0.0887 0.0887 0.0888 0.0888 0.0889
0.0899 0.0899 0.0898 0.0898 0.0897 0.0896 0.0896 0.0895 0.0895 0.0896 0.0896 0.0896 0.0896
0.0912 0.0912 0.0911 0.0910 0.0908 0.0907 0.0906 0.0906 0.0905 0.0905 0.0906 0.0906 0.0906
0.0928 0.0927 0.0926 0.0924 0.0923 0.0921 0.0919 0.0918 0.0917 0.0917 0.0917 0.0917 0.0917
0.0948 0.0947 0.0945 0.0943 0.0940 0.0937 0.0934 0.0933 0.0931 0.0931 0.0931 0.0930 0.0930
0.0971 0.0970 0.0968 0.0964 0.0960 0.0956 0.0952 0.0950 0.0948 0.0947 0.0946 0.0946 0.0946
0.0999 0.0998 0.0995 0.0990 0.0985 0.0979 0.0974 0.0970 0.0967 0.0965 0.0964 0.0964 0.0963
0.1033 0.1032 0.1027 0.1021 0.1014 0.1006 0.0999 0.0993 0.0989 0.0986 0.0985 0.0984 0.0983
0.1072 0.1070 0.1065 0.1057 0.1047 0.1037 0.1028 0.1021 0.1015 0.1011 0.1008 0.1007 0.1007
0.1118 0.1115 0.1109 0.1099 0.1087 0.1074 0.1062 0.1052 0.1044 0.1039 0.1035 0.1033 0.1033
0.1171 0.1168 0.1160 0.1147 0.1132 0.1116 0.1101 0.1088 0.1078 0.1071 0.1066 0.1063 0.1063
0.1232 0.1229 0.1218 0.1203 0.1184 0.1164 0.1146 0.1130 0.1117 0.1107 0.1101 0.1098 0.1097
