0.1046 0.1046 0.1046 0.1046 0.1046 0.1046 0.1046 0.1046 0.1046 0.1046 0.1046 0.1046 0.1046
0.1035 0.1035 0.1036 0.1038 0.1040 0.1043 0.1046 0.1049 0.1051 0.1054 0.1055 0.1056 0.1057
0.1026 0.1026 0.1029 0.1031 0.1035 0.1040 0.1045 0.1051 0.1056 0.1060 0.1063 0.1065 0.1066
0.1017 0.1018 0.1021 0.1025 0.1031 0.1037 0.1045 0.1053 0.1060 0.1067 0.1072 0.1075 0.1076
0.1009 0.1010 0.1013 0.1019 0.1026 0.1035 0.1045 0.1055 0.1065 0.1073 0.1080 0.1084 0.1086
0.1001 0.1002 0.1006 0.1013 0.1022 0.1033 0.1044 0.1057 0.1069 0.1080 0.1088 0.1094 0.1096
0.0991 0.0992 0.1001 0.1008 0.1018 0.1030 0.1044 0.1059 0.1074 0.1087 0.1097 0.1104 0.1106
0.0986 0.0987 0.0996 0.1004 0.1015 0.1029 0.1044 0.1061 0.1078 0.1093 0.1105 0.1113 0.1117
0.0983 0.0985 0.0993 0.1001 0.1013 0.1028 0.1045 0.1064 0.1082 0.1099 0.1113 0.1122 0.1126
0.0984 0.0986 0.0991 0.1000 0.1012 0.1028 0.1046 0.1067 0.1087 0.1106 0.1121 0.1131 0.1135
0.0985 0.0987 0.0992 0.1000 0.1013 0.1029 0.1048 0.1070 0.1092 0.1112 0.1129 0.1140 0.1144
0.0989 0.0991 0.0995 0.1002 0.1015 0.1031 0.1051 0.1073 0.1097 0.1119 0.1137 0.1149 0.1153
0.0996 0.0998 0.1001 0.1008 0.1019 0.1035 0.1055 0.1078 0.1103 0.1126 0.1146 0.1159 0.1163
0.1007 0.1008 0.1010 0.1016 0.1026 0.1040 0.1060 0.1084 0.1110 0.1135 0.1155 0.1169 0.1173
0.1023 0.1023 0.1024 0.1028 0.1036 0.1049 0.1068 0.1092 0.1118 0.1143 0.1165 0.1179 0.1184
0.1046 0.1045 0.1044 0.1044 0.1050 0.1061 0.1078 0.1101 0.1128 0.1153 0.1176 0.1190 0.1195
0.1075 0.1073 0.1070 0.1066 0.1067 0.1076 0.1091 0.1113 0.1139 0.1165 0.1187 0.1203 0.1208
