0.1013 0.1013 0.1013 0.1013 0.1013 0.1013 0.1013 0.1013 0.1013 0.1013 0.1013 0.1013 0.1013
0.1003 0.1003 0.1004 0.1006 0.1008 0.1011 0.1014 0.1017 0.1020 0.1022 0.1024 0.1025 0.1026
0.0995 0.0996 0.0998 0.1001 0.1005 0.1010 0.1015 0.1021 0.1026 0.1031 0.1035 0.1037 0.1038
0.0990 0.0990 0.0993 0.0997 0.1003 0.1009 0.1017 0.1026 0.1034 0.1041 0.1047 0.1051 0.1052
0.0986 0.0987 0.0990 0.0995 0.1002 0.1011 0.1021 0.1032 0.1043 0.1053 0.1061 0.1066 0.1068
0.0986 0.0987 0.0990 0.0995 0.1003 0.1013 0.1025 0.1039 0.1053 0.1065 0.1076 0.1083 0.1085
0.0988 0.0988 0.0992 0.0997 0.1005 0.1017 0.1031 0.1047 0.1064 0.1079 0.1092 0.1100 0.1103
0.0993 0.0994 0.0996 0.1001 0.1010 0.1022 0.1038 0.1056 0.1075 0.1094 0.1109 0.1119 0.1122
0.1002 0.1002 0.1004 0.1009 0.1017 0.1029 0.1046 0.1066 0.1088 0.1110 0.1127 0.1139 0.1143
0.1015 0.1015 0.1016 0.1019 0.1026 0.1038 0.1056 0.1078 0.1103 0.1127 0.1147 0.1160 0.1165
0.1033 0.1032 0.1032 0.1033 0.1038 0.1050 0.1068 0.1091 0.1118 0.1145 0.1167 0.1182 0.1188
0.1056 0.1055 0.1052 0.1050 0.1053 0.1063 0.1081 0.1106 0.1135 0.1164 0.1189 0.1206 0.1212
0.1086 0.1084 0.1078 0.1073 0.1072 0.1080 0.1097 0.1123 0.1153 0.1185 0.1212 0.1231 0.1237
0.1124 0.1120 0.1111 0.1100 0.1095 0.1100 0.1115 0.1141 0.1174 0.1207 0.1237 0.1257 0.1265
0.1170 0.1164 0.1150 0.1134 0.1123 0.1123 0.1137 0.1162 0.1196 0.1232 0.1263 0.1285 0.1293
0.1226 0.1218 0.1198 0.1174 0.1156 0.1151 0.1161 0.1186 0.1220 0.1258 0.1291 0.1315 0.1323
0.1294 0.1283 0.1256 0.1223 0.1196 0.1183 0.1189 0.1212 0.1247 0.1286 0.1322 0.1347 0.1356
