0.1075 0.1075 0.1075 0.1075 0.1075 0.1075 0.1075 0.1075 0.1075 0.1075 0.1075 0.1075 0.1075
0.1064 0.1065 0.1066 0.1067 0.1070 0.1072 0.1075 0.1078 0.1081 0.1083 0.1085 0.1087 0.1087
0.1057 0.1058 0.1060 0.1063 0.1066 0.1071 0.1077 0.1082 0.1087 0.1092 0.1096 0.1099 0.1100
0.1053 0.1053 0.1056 0.1059 0.1065 0.1071 0.1079 0.1087 0.1095 0.1103 0.1109 0.1113 0.1114
0.1051 0.1051 0.1054 0.1058 0.1064 0.1072 0.1082 0.1093 0.1104 0.1115 0.1123 0.1128 0.1130
0.1051 0.1052 0.1054 0.1059 0.1065 0.1075 0.1087 0.1100 0.1114 0.1127 0.1138 0.1146 0.1148
0.1055 0.1056 0.1058 0.1062 0.1069 0.1079 0.1092 0.1108 0.1125 0.1141 0.1155 0.1164 0.1167
0.1063 0.1063 0.1064 0.1067 0.1074 0.1084 0.1099 0.1117 0.1137 0.1157 0.1173 0.1184 0.1187
0.1076 0.1075 0.1075 0.1076 0.1082 0.1092 0.1108 0.1128 0.1151 0.1173 0.1192 0.1205 0.1209
0.1093 0.1092 0.1090 0.1089 0.1092 0.1102 0.1118 0.1140 0.1165 0.1191 0.1213 0.1227 0.1233
0.1117 0.1115 0.1110 0.1106 0.1106 0.1114 0.1130 0.1154 0.1181 0.1210 0.1235 0.1251 0.1257
0.1148 0.1145 0.1136 0.1127 0.1123 0.1129 0.1144 0.1169 0.1199 0.1231 0.1258 0.1277 0.1284
0.1188 0.1183 0.1169 0.1154 0.1145 0.1147 0.1161 0.1186 0.1219 0.1253 0.1284 0.1304 0.1312
0.1238 0.1231 0.1211 0.1188 0.1172 0.1169 0.1181 0.1206 0.1240 0.1278 0.1311 0.1334 0.1342
0.1301 0.1290 0.1263 0.1230 0.1205 0.1195 0.1204 0.1229 0.1264 0.1304 0.1340 0.1365 0.1374
0.1378 0.1364 0.1327 0.1281 0.1245 0.1227 0.1231 0.1254 0.1291 0.1333 0.1372 0.1399 0.1409
0.1475 0.1455 0.1405 0.1344 0.1292 0.1264 0.1262 0.1284 0.1322 0.1366 0.1407 0.1435 0.1446
