0.0927 0.0927 0.0927 0.0927 0.0927 0.0927 0.0927 0.0927 0.0927 0.0927 0.0927 0.0927 0.0927
0.0928 0.0928 0.0928 0.0928 0.0928 0.0928 0.0928 0.0928 0.0928 0.0929 0.0929 0.0929 0.0929
0.0932 0.0932 0.0931 0.0931 0.0931 0.0930 0.0930 0.0931 0.0931 0.0932 0.0933 0.0934 0.0934
0.0939 0.0939 0.0938 0.0937 0.0935 0.0935 0.0935 0.0935 0.0936 0.0938 0.0940 0.0941 0.0941
0.0951 0.0950 0.0948 0.0946 0.0943 0.0941 0.0940 0.0941 0.0943 0.0946 0.0948 0.0950 0.0950
0.0966 0.0965 0.0962 0.0957 0.0953 0.0949 0.0948 0.0949 0.0951 0.0955 0.0958 0.0961 0.0962
0.0988 0.0985 0.0980 0.0973 0.0966 0.0960 0.0958 0.0958 0.0961 0.0966 0.0971 0.0974 0.0976
0.1016 0.1012 0.1004 0.0993 0.0982 0.0974 0.0969 0.0969 0.0973 0.0979 0.0985 0.0990 0.0991
0.1050 0.1046 0.1034 0.1018 0.1002 0.0990 0.0984 0.0983 0.0987 0.0994 0.1001 0.1007 0.1009
0.1094 0.1088 0.1071 0.1049 0.1027 0.1010 0.1000 0.0998 0.1002 0.1010 0.1020 0.1026 0.1029
0.1150 0.1141 0.1118 0.1087 0.1057 0.1034 0.1020 0.1017 0.1020 0.1030 0.1040 0.1048 0.1051
0.1219 0.1207 0.1175 0.1133 0.1093 0.1062 0.1044 0.1037 0.1041 0.1051 0.1063 0.1071 0.1075
0.1305 0.1288 0.1246 0.1190 0.1137 0.1096 0.1071 0.1062 0.1064 0.1075 0.1088 0.1098 0.1102
0.1411 0.1389 0.1332 0.1259 0.1189 0.1136 0.1103 0.1090 0.1091 0.1102 0.1116 0.1127 0.1131
0.1541 0.1513 0.1439 0.1342 0.1251 0.1182 0.1140 0.1122 0.1121 0.1132 0.1147 0.1159 0.1164
0.1706 0.1667 0.1568 0.1443 0.1326 0.1238 0.1183 0.1159 0.1156 0.1166 0.1182 0.1195 0.1201
0.1907 0.1857 0.1727 0.1566 0.1416 0.1303 0.1234 0.1202 0.1195 0.1205 0.1222 0.1236 0.1241
