0.0997 0.0997 0.0997 0.0997 0.0997 0.0997 0.0997 0.0997 0.0997 0.0997 0.0997 0.0997 0.0997
0.1009 0.1009 0.1008 0.1006 0.1004 0.1001 0.0998 0.0996 0.0993 0.0991 0.0990 0.0989 0.0989
0.1024 0.1024 0.1021 0.1018 0.1013 0.1008 0.1003 0.0998 0.0994 0.0990 0.0988 0.0986 0.0986
0.1045 0.1043 0.1040 0.1034 0.1026 0.1018 0.1010 0.1003 0.0997 0.0992 0.0988 0.0986 0.0986
0.1070 0.1068 0.1063 0.1054 0.1043 0.1032 0.1021 0.1011 0.1003 0.0997 0.0992 0.0989 0.0989
0.1102 0.1099 0.1091 0.1080 0.1065 0.1050 0.1035 0.1023 0.1012 0.1004 0.0999 0.0996 0.0994
0.1140 0.1136 0.1126 0.1110 0.1091 0.1072 0.1053 0.1037 0.1024 0.1015 0.1008 0.1004 0.1003
0.1186 0.1181 0.1167 0.1147 0.1123 0.1098 0.1074 0.1054 0.1039 0.1028 0.1020 0.1016 0.1015
0.1240 0.1234 0.1217 0.1191 0.1160 0.1129 0.1100 0.1076 0.1057 0.1044 0.1035 0.1030 0.1029
0.1304 0.1296 0.1274 0.1242 0.1204 0.1165 0.1130 0.1100 0.1078 0.1063 0.1053 0.1048 0.1046
0.1379 0.1369 0.1342 0.1302 0.1255 0.1208 0.1165 0.1129 0.1103 0.1085 0.1074 0.1068 0.1066
0.1468 0.1456 0.1421 0.1371 0.1314 0.1256 0.1205 0.1163 0.1131 0.1110 0.1097 0.1091 0.1089
0.1570 0.1555 0.1513 0.1451 0.1381 0.1312 0.1250 0.1200 0.1164 0.1139 0.1124 0.1116 0.1114
0.1691 0.1672 0.1620 0.1544 0.1459 0.1375 0.1302 0.1243 0.1200 0.1171 0.1154 0.1145 0.1143
0.1831 0.1808 0.1743 0.1651 0.1547 0.1447 0.1360 0.1291 0.1240 0.1207 0.1187 0.1177 0.1174
0.1994 0.1964 0.1886 0.1772 0.1647 0.1528 0.1425 0.1344 0.1285 0.1247 0.1224 0.1212 0.1209
0.2181 0.2145 0.2049 0.1911 0.1761 0.1618 0.1497 0.1403 0.1335 0.1291 0.1265 0.1251 0.1247
