0.0977 0.0977 0.0977 0.0977 0.0977 0.0977 0.0977 0.0977 0.0977 0.0977 0.0977 0.0977 0.0977
0.0972 0.0972 0.0973 0.0974 0.0975 0.0976 0.0977 0.0979 0.0979 0.0981 0.0981 0.0982 0.0982
0.0969 0.0969 0.0970 0.0972 0.0973 0.0975 0.0978 0.0980 0.0982 0.0984 0.0985 0.0986 0.0986
0.0966 0.0966 0.0968 0.0970 0.0972 0.0975 0.0979 0.0981 0.0985 0.0987 0.0989 0.0991 0.0992
0.0964 0.0964 0.0966 0.0968 0.0971 0.0975 0.0979 0.0983 0.0987 0.0992 0.0994 0.0996 0.0996
0.0962 0.0962 0.0964 0.0967 0.0971 0.0976 0.0981 0.0986 0.0991 0.0996 0.0999 0.1001 0.1002
0.0961 0.0962 0.0964 0.0967 0.0972 0.0977 0.0983 0.0989 0.0995 0.1000 0.1004 0.1007 0.1008
0.0961 0.0962 0.0964 0.0968 0.0972 0.0979 0.0985 0.0992 0.0999 0.1005 0.1010 0.1013 0.1013
0.0962 0.0962 0.0965 0.0969 0.0974 0.0981 0.0989 0.0996 0.1004 0.1011 0.1015 0.1019 0.1020
0.0964 0.0965 0.0968 0.0972 0.0978 0.0985 0.0993 0.1001 0.1009 0.1017 0.1022 0.1026 0.1027
0.0968 0.0969 0.0972 0.0976 0.0982 0.0989 0.0998 0.1007 0.1015 0.1024 0.1030 0.1034 0.1035
0.0974 0.0974 0.0977 0.0981 0.0988 0.0996 0.1004 0.1013 0.1023 0.1031 0.1037 0.1042 0.1043
0.0981 0.0982 0.0985 0.0989 0.0995 0.1003 0.1012 0.1022 0.1031 0.1039 0.1046 0.1051 0.1052
0.0992 0.0992 0.0995 0.0999 0.1004 0.1012 0.1021 0.1030 0.1041 0.1049 0.1056 0.1061 0.1062
0.1004 0.1005 0.1007 0.1011 0.1016 0.1024 0.1032 0.1041 0.1052 0.1060 0.1068 0.1073 0.1074
0.1020 0.1021 0.1023 0.1026 0.1030 0.1037 0.1045 0.1054 0.1064 0.1073 0.1080 0.1085 0.1087
0.1040 0.1040 0.1041 0.1044 0.1047 0.1054 0.1061 0.1069 0.1079 0.1088 0.1095 0.1099 0.1101
