0.0971 0.0971 0.0971 0.0971 0.0971 0.0971 0.0971 0.0971 0.0971 0.0971 0.0971 0.0971 0.0971
0.0964 0.0964 0.0965 0.0965 0.0967 0.0969 0.0971 0.0973 0.0975 0.0976 0.0977 0.0978 0.0979
0.0958 0.0959 0.0960 0.0962 0.0965 0.0968 0.0972 0.0976 0.0979 0.0982 0.0984 0.0986 0.0986
0.0954 0.0954 0.0957 0.0959 0.0963 0.0968 0.0973 0.0979 0.0984 0.0988 0.0991 0.0994 0.0995
0.0951 0.0952 0.0954 0.0958 0.0962 0.0969 0.0975 0.0982 0.0989 0.0995 0.0999 0.1002 0.1003
0.0950 0.0950 0.0953 0.0957 0.0963 0.0970 0.0978 0.0987 0.0995 0.1002 0.1008 0.1012 0.1013
0.0950 0.0950 0.0953 0.0958 0.0964 0.0973 0.0981 0.0991 0.1002 0.1010 0.1017 0.1022 0.1024
0.0951 0.0952 0.0954 0.0960 0.0967 0.0976 0.0986 0.0997 0.1009 0.1019 0.1027 0.1032 0.1034
0.0955 0.0956 0.0958 0.0963 0.0971 0.0980 0.0991 0.1004 0.1017 0.1028 0.1037 0.1043 0.1046
0.0961 0.0961 0.0964 0.0969 0.0976 0.0986 0.0998 0.1011 0.1025 0.1038 0.1048 0.1055 0.1057
0.0969 0.0969 0.0972 0.0976 0.0984 0.0994 0.1006 0.1020 0.1035 0.1049 0.1060 0.1067 0.1070
0.0980 0.0981 0.0983 0.0987 0.0994 0.1003 0.1016 0.1030 0.1046 0.1060 0.1072 0.1080 0.1083
0.0995 0.0995 0.0997 0.1000 0.1006 0.1014 0.1027 0.1042 0.1057 0.1073 0.1086 0.1094 0.1098
0.1014 0.1014 0.1015 0.1017 0.1021 0.1028 0.1040 0.1054 0.1071 0.1087 0.1101 0.1109 0.1113
0.1039 0.1038 0.1037 0.1036 0.1039 0.1045 0.1055 0.1069 0.1086 0.1102 0.1116 0.1126 0.1129
0.1067 0.1066 0.1064 0.1061 0.1061 0.1065 0.1073 0.1087 0.1102 0.1119 0.1133 0.1143 0.1146
0.1102 0.1101 0.1095 0.1090 0.1087 0.1088 0.1094 0.1106 0.1121 0.1138 0.1152 0.1162 0.1165
