0.0973 0.0973 0.0973 0.0973 0.0973 0.0973 0.0973 0.0973 0.0973 0.0973 0.0973 0.0973 0.0973
0.0973 0.0973 0.0973 0.0973 0.0973 0.0973 0.0973 0.0973 0.0973 0.0973 0.0973 0.0973 0.0973
0.0973 0.0973 0.0973 0.0973 0.0973 0.0973 0.0973 0.0973 0.0973 0.0973 0.0973 0.0973 0.0973
0.0973 0.0973 0.0973 0.0973 0.0973 0.0973 0.0973 0.0973 0.0973 0.0973 0.0973 0.0973 0.0973
0.0973 0.0973 0.0973 0.0973 0.0973 0.0973 0.0973 0.0973 0.0973 0.0973 0.0973 0.0973 0.0973
0.0973 0.0973 0.0973 0.0973 0.0973 0.0973 0.0973 0.0973 0.0973 0.0973 0.0973 0.0973 0.0973
0.0974 0.0974 0.0974 0.0974 0.0974 0.0974 0.0974 0.0974 0.0974 0.0974 0.0974 0.0974 0.0974
0.0975 0.0975 0.0975 0.0975 0.0975 0.0975 0.0975 0.0975 0.0975 0.0975 0.0975 0.0975 0.0975
0.0976 0.0976 0.0976 0.0976 0.0976 0.0976 0.0976 0.0976 0.0976 0.0976 0.0976 0.0976 0.0976
0.0978 0.0978 0.0978 0.0978 0.0978 0.0978 0.0978 0.0978 0.0978 0.0978 0.0978 0.0978 0.0978
0.0981 0.0981 0.0981 0.0981 0.0981 0.0981 0.0981 0.0981 0.0981 0.0981 0.0981 0.0981 0.0981
0.0984 0.0984 0.0984 0.0984 0.0984 0.0984 0.0984 0.0984 0.0984 0.0984 0.0984 0.0984 0.0984
0.0988 0.0988 0.0988 0.0988 0.0988 0.0988 0.0988 0.0988 0.0988 0.0988 0.0988 0.0988 0.0988
0.0994 0.0994 0.0994 0.0994 0.0994 0.0994 0.0994 0.0994 0.0994 0.0994 0.0994 0.0994 0.0994
0.1001 0.1001 0.1001 0.1001 0.1001 0.1001 0.1001 0.1001 0.1001 0.1001 0.1001 0.1001 0.1001
0.1010 0.1010 0.1010 0.1010 0.1010 0.1010 0.1010 0.1010 0.1010 0.1010 0.1010 0.1010 0.1010
0.1020 0.1020 0.1020 0.1020 0.1020 0.1020 0.1020 0.1020 0.1020 0.1020 0.1020 0.1020 0.1020
