0.1195 0.1195 0.1195 0.1195 0.1195 0.1195 0.1195 0.1195 0.1195 0.1195 0.1195 0.1195 0.1195
0.1186 0.1186 0.1187 0.1188 0.1190 0.1192 0.1194 0.1197 0.1198 0.1200 0.1201 0.1202 0.1203
0.1178 0.1179 0.1180 0.1183 0.1186 0.1189 0.1193 0.1197 0.1201 0.1204 0.1207 0.1208 0.1209
0.1171 0.1172 0.1172 0.1176 0.1180 0.1186 0.1192 0.1197 0.1203 0.1208 0.1211 0.1214 0.1215
0.1161 0.1162 0.1164 0.1169 0.1175 0.1182 0.1189 0.1197 0.1204 0.1211 0.1216 0.1219 0.1220
0.1151 0.1152 0.1155 0.1161 0.1169 0.1177 0.1187 0.1196 0.1205 0.1213 0.1219 0.1223 0.1225
0.1142 0.1143 0.1147 0.1154 0.1162 0.1172 0.1183 0.1194 0.1205 0.1215 0.1222 0.1226 0.1228
0.1132 0.1134 0.1139 0.1146 0.1155 0.1167 0.1179 0.1192 0.1205 0.1215 0.1224 0.1229 0.1231
0.1124 0.1125 0.1130 0.1138 0.1149 0.1162 0.1176 0.1190 0.1204 0.1216 0.1225 0.1232 0.1234
0.1115 0.1117 0.1123 0.1131 0.1142 0.1156 0.1172 0.1188 0.1203 0.1216 0.1227 0.1234 0.1236
0.1108 0.1109 0.1115 0.1124 0.1137 0.1151 0.1168 0.1185 0.1201 0.1216 0.1228 0.1235 0.1238
0.1101 0.1103 0.1109 0.1118 0.1132 0.1147 0.1164 0.1183 0.1200 0.1216 0.1228 0.1236 0.1239
0.1096 0.1098 0.1104 0.1114 0.1127 0.1143 0.1162 0.1181 0.1199 0.1216 0.1229 0.1238 0.1240
0.1092 0.1095 0.1100 0.1110 0.1124 0.1141 0.1160 0.1179 0.1199 0.1216 0.1230 0.1239 0.1242
0.1091 0.1093 0.1099 0.1109 0.1123 0.1139 0.1158 0.1179 0.1199 0.1217 0.1231 0.1241 0.1244
0.1093 0.1095 0.1100 0.1110 0.1123 0.1139 0.1159 0.1179 0.1200 0.1219 0.1234 0.1243 0.1246
0.1097 0.1099 0.1104 0.1113 0.1126 0.1142 0.1161 0.1182 0.1202 0.1221 0.1237 0.1246 0.1250
