0.1053 0.1053 0.1053 0.1053 0.1053 0.1053 0.1053 0.1053 0.1053 0.1053 0.1053 0.1053 0.1053
0.1039 0.1039 0.1041 0.1043 0.1046 0.1049 0.1053 0.1057 0.1060 0.1064 0.1066 0.1068 0.1068
0.1028 0.1029 0.1031 0.1035 0.1040 0.1046 0.1053 0.1060 0.1067 0.1073 0.1078 0.1081 0.1082
0.1017 0.1019 0.1022 0.1027 0.1035 0.1044 0.1054 0.1064 0.1075 0.1083 0.1091 0.1095 0.1097
0.1008 0.1010 0.1014 0.1021 0.1030 0.1042 0.1054 0.1068 0.1082 0.1094 0.1104 0.1110 0.1112
0.1001 0.1003 0.1008 0.1015 0.1026 0.1040 0.1056 0.1073 0.1090 0.1105 0.1117 0.1125 0.1128
0.0996 0.0997 0.1002 0.1011 0.1023 0.1039 0.1057 0.1077 0.1098 0.1116 0.1131 0.1141 0.1144
0.0993 0.0995 0.1000 0.1009 0.1022 0.1039 0.1060 0.1082 0.1106 0.1128 0.1145 0.1157 0.1161
0.0993 0.0995 0.0999 0.1008 0.1022 0.1040 0.1062 0.1088 0.1115 0.1139 0.1160 0.1173 0.1178
0.0994 0.0996 0.1002 0.1010 0.1023 0.1042 0.1066 0.1094 0.1123 0.1151 0.1174 0.1189 0.1195
0.1006 0.1006 0.1008 0.1015 0.1027 0.1046 0.1071 0.1101 0.1133 0.1164 0.1189 0.1206 0.1213
0.1018 0.1019 0.1017 0.1022 0.1033 0.1051 0.1077 0.1108 0.1143 0.1176 0.1204 0.1223 0.1231
0.1031 0.1031 0.1032 0.1034 0.1042 0.1059 0.1084 0.1117 0.1154 0.1190 0.1220 0.1241 0.1248
0.1057 0.1055 0.1052 0.1050 0.1055 0.1070 0.1094 0.1127 0.1165 0.1204 0.1237 0.1258 0.1266
0.1089 0.1086 0.1078 0.1072 0.1072 0.1083 0.1106 0.1139 0.1179 0.1219 0.1254 0.1277 0.1285
0.1132 0.1127 0.1114 0.1100 0.1094 0.1100 0.1121 0.1153 0.1193 0.1235 0.1272 0.1297 0.1305
0.1186 0.1178 0.1159 0.1136 0.1122 0.1122 0.1138 0.1169 0.1210 0.1253 0.1291 0.1317 0.1326
