0.0942 0.0942 0.0942 0.0942 0.0942 0.0942 0.0942 0.0942 0.0942 0.0942 0.0942 0.0942 0.0942
0.0940 0.0940 0.0941 0.0941 0.0941 0.0942 0.0942 0.0943 0.0943 0.0944 0.0944 0.0944 0.0944
0.0940 0.0940 0.0941 0.0942 0.0942 0.0943 0.0944 0.0945 0.0945 0.0946 0.0947 0.0947 0.0947
0.0941 0.0942 0.0943 0.0943 0.0945 0.0945 0.0946 0.0947 0.0949 0.0950 0.0951 0.0952 0.0952
0.0945 0.0945 0.0945 0.0946 0.0947 0.0949 0.0950 0.0952 0.0953 0.0955 0.0956 0.0957 0.0957
0.0949 0.0949 0.0950 0.0951 0.0952 0.0953 0.0955 0.0957 0.0959 0.0961 0.0962 0.0963 0.0963
0.0955 0.0955 0.0956 0.0957 0.0958 0.0960 0.0961 0.0964 0.0966 0.0968 0.0969 0.0970 0.0970
0.0963 0.0964 0.0964 0.0965 0.0966 0.0968 0.0969 0.0971 0.0974 0.0976 0.0977 0.0978 0.0979
0.0974 0.0974 0.0975 0.0975 0.0976 0.0977 0.0978 0.0981 0.0983 0.0985 0.0987 0.0988 0.0989
0.0987 0.0987 0.0987 0.0987 0.0987 0.0988 0.0990 0.0992 0.0994 0.0996 0.0998 0.1000 0.1000
0.1003 0.1003 0.1002 0.1002 0.1001 0.1002 0.1003 0.1005 0.1007 0.1009 0.1010 0.1012 0.1012
0.1022 0.1022 0.1021 0.1020 0.1019 0.1018 0.1018 0.1019 0.1021 0.1023 0.1025 0.1026 0.1026
0.1045 0.1044 0.1043 0.1041 0.1039 0.1037 0.1036 0.1036 0.1038 0.1039 0.1041 0.1042 0.1042
0.1072 0.1071 0.1068 0.1066 0.1062 0.1059 0.1057 0.1056 0.1057 0.1058 0.1058 0.1059 0.1059
0.1103 0.1102 0.1099 0.1094 0.1089 0.1084 0.1081 0.1079 0.1078 0.1078 0.1078 0.1079 0.1080
0.1139 0.1138 0.1133 0.1127 0.1120 0.1114 0.1108 0.1104 0.1102 0.1101 0.1101 0.1101 0.1101
0.1180 0.1179 0.1173 0.1165 0.1156 0.1147 0.1139 0.1133 0.1129 0.1127 0.1126 0.1126 0.1126
