0.0845 0.0845 0.0845 0.0845 0.0845 0.0845 0.0845 0.0845 0.0845 0.0845 0.0845 0.0845 0.0845
0.0845 0.0845 0.0845 0.0845 0.0845 0.0845 0.0845 0.0845 0.0846 0.0847 0.0847 0.0847 0.0847
0.0848 0.0848 0.0848 0.0847 0.0847 0.0847 0.0848 0.0848 0.0849 0.0850 0.0851 0.0851 0.0851
0.0853 0.0853 0.0852 0.0851 0.0851 0.0851 0.0851 0.0851 0.0853 0.0855 0.0855 0.0856 0.0857
0.0861 0.0861 0.0860 0.0858 0.0857 0.0856 0.0855 0.0857 0.0858 0.0860 0.0862 0.0864 0.0864
0.0874 0.0873 0.0871 0.0868 0.0865 0.0863 0.0862 0.0863 0.0865 0.0868 0.0870 0.0872 0.0872
0.0890 0.0888 0.0885 0.0881 0.0876 0.0872 0.0870 0.0871 0.0873 0.0876 0.0879 0.0881 0.0882
0.0911 0.0908 0.0904 0.0897 0.0890 0.0884 0.0880 0.0880 0.0882 0.0886 0.0890 0.0893 0.0894
0.0936 0.0934 0.0926 0.0917 0.0907 0.0898 0.0892 0.0891 0.0893 0.0898 0.0902 0.0905 0.0907
0.0968 0.0964 0.0954 0.0941 0.0927 0.0915 0.0907 0.0904 0.0905 0.0910 0.0915 0.0919 0.0921
0.1009 0.1004 0.0989 0.0971 0.0952 0.0935 0.0924 0.0919 0.0920 0.0924 0.0930 0.0934 0.0938
0.1054 0.1047 0.1031 0.1007 0.0981 0.0960 0.0944 0.0937 0.0936 0.0941 0.0946 0.0951 0.0954
0.1113 0.1104 0.1082 0.1050 0.1017 0.0988 0.0968 0.0957 0.0954 0.0958 0.0964 0.0969 0.0972
0.1186 0.1174 0.1143 0.1102 0.1059 0.1022 0.0996 0.0980 0.0975 0.0978 0.0984 0.0989 0.0991
0.1274 0.1260 0.1219 0.1165 0.1109 0.1062 0.1028 0.1007 0.0999 0.1001 0.1006 0.1011 0.1014
0.1382 0.1363 0.1310 0.1240 0.1169 0.1109 0.1065 0.1038 0.1026 0.1025 0.1031 0.1036 0.1037
0.1515 0.1490 0.1422 0.1332 0.1240 0.1163 0.1109 0.1074 0.1057 0.1054 0.1057 0.1063 0.1065
