0.0967 0.0967 0.0967 0.0967 0.0967 0.0967 0.0967 0.0967 0.0967 0.0967 0.0967 0.0967 0.0967
0.0962 0.0962 0.0963 0.0964 0.0965 0.0966 0.0968 0.0969 0.0971 0.0972 0.0973 0.0974 0.0974
0.0960 0.0960 0.0961 0.0962 0.0964 0.0967 0.0969 0.0972 0.0975 0.0979 0.0981 0.0983 0.0984
0.0961 0.0961 0.0962 0.0963 0.0965 0.0968 0.0972 0.0977 0.0982 0.0987 0.0991 0.0994 0.0994
0.0965 0.0965 0.0966 0.0966 0.0968 0.0971 0.0976 0.0983 0.0990 0.0996 0.1001 0.1005 0.1007
0.0972 0.0972 0.0972 0.0972 0.0973 0.0976 0.0982 0.0990 0.0998 0.1007 0.1014 0.1020 0.1022
0.0985 0.0984 0.0982 0.0981 0.0981 0.0983 0.0989 0.0997 0.1008 0.1019 0.1028 0.1035 0.1038
0.1002 0.1000 0.0996 0.0993 0.0991 0.0992 0.0997 0.1007 0.1020 0.1032 0.1045 0.1053 0.1056
0.1025 0.1024 0.1017 0.1009 0.1003 0.1002 0.1007 0.1018 0.1032 0.1048 0.1061 0.1071 0.1075
0.1056 0.1052 0.1042 0.1029 0.1020 0.1016 0.1020 0.1030 0.1046 0.1064 0.1080 0.1091 0.1095
0.1096 0.1090 0.1074 0.1056 0.1040 0.1032 0.1034 0.1045 0.1062 0.1082 0.1100 0.1114 0.1118
0.1147 0.1138 0.1116 0.1089 0.1065 0.1052 0.1052 0.1061 0.1080 0.1102 0.1122 0.1137 0.1143
0.1212 0.1199 0.1168 0.1130 0.1096 0.1076 0.1071 0.1081 0.1099 0.1123 0.1147 0.1163 0.1169
0.1292 0.1277 0.1234 0.1181 0.1134 0.1105 0.1095 0.1102 0.1121 0.1148 0.1173 0.1190 0.1197
0.1392 0.1371 0.1314 0.1244 0.1181 0.1139 0.1122 0.1127 0.1147 0.1174 0.1201 0.1220 0.1228
0.1521 0.1493 0.1415 0.1320 0.1236 0.1181 0.1155 0.1156 0.1175 0.1204 0.1232 0.1253 0.1263
0.1682 0.1642 0.1539 0.1414 0.1304 0.1229 0.1193 0.1189 0.1207 0.1237 0.1267 0.1290 0.1299
