0.1050 0.1050 0.1050 0.1050 0.1050 0.1050 0.1050 0.1050 0.1050 0.1050 0.1050 0.1050 0.1050
0.1049 0.1049 0.1049 0.1049 0.1049 0.1049 0.1049 0.1049 0.1049 0.1049 0.1049 0.1049 0.1049
0.1050 0.1050 0.1050 0.1050 0.1050 0.1050 0.1050 0.1050 0.1050 0.1050 0.1050 0.1050 0.1050
0.1049 0.1049 0.1049 0.1049 0.1049 0.1049 0.1049 0.1049 0.1049 0.1049 0.1049 0.1049 0.1049
0.1047 0.1047 0.1047 0.1047 0.1047 0.1047 0.1047 0.1047 0.1047 0.1047 0.1047 0.1047 0.1047
0.1045 0.1045 0.1045 0.1045 0.1045 0.1045 0.1045 0.1045 0.1045 0.1045 0.1045 0.1045 0.1045
0.1044 0.1044 0.1044 0.1044 0.1044 0.1044 0.1044 0.1044 0.1044 0.1044 0.1044 0.1044 0.1044
0.1042 0.1042 0.1042 0.1042 0.1042 0.1042 0.1042 0.1042 0.1042 0.1042 0.1042 0.1042 0.1042
0.1040 0.1040 0.1040 0.1040 0.1040 0.1040 0.1040 0.1040 0.1040 0.1040 0.1040 0.1040 0.1040
0.1038 0.1038 0.1038 0.1038 0.1038 0.1038 0.1038 0.1038 0.1038 0.1038 0.1038 0.1038 0.1038
0.1038 0.1038 0.1038 0.1038 0.1038 0.1038 0.1038 0.1038 0.1038 0.1038 0.1038 0.1038 0.1038
0.1037 0.1037 0.1037 0.1037 0.1037 0.1037 0.1037 0.1037 0.1037 0.1037 0.1037 0.1037 0.1037
0.1038 0.1038 0.1038 0.1038 0.1038 0.1038 0.1038 0.1038 0.1038 0.1038 0.1038 0.1038 0.1038
0.1040 0.1040 0.1040 0.1040 0.1040 0.1040 0.1040 0.1040 0.1040 0.1040 0.1040 0.1040 0.1040
0.1043 0.1043 0.1043 0.1043 0.1043 0.1043 0.1043 0.1043 0.1043 0.1043 0.1043 0.1043 0.1043
0.1049 0.1049 0.1049 0.1049 0.1049 0.1049 0.1049 0.1049 0.1049 0.1049 0.1049 0.1049 0.1049
0.1058 0.1058 0.1058 0.1058 0.1058 0.1058 0.1058 0.1058 0.1058 0.1058 0.1058 0.1058 0.1058
