0.0958 0.0958 0.0958 0.0958 0.0958 0.0958 0.0958 0.0958 0.0958 0.0958 0.0958 0.0958 0.0958
0.0950 0.0950 0.0951 0.0952 0.0954 0.0956 0.0958 0.0961 0.0963 0.0965 0.0966 0.0967 0.0967
0.0946 0.0947 0.0948 0.0950 0.0952 0.0955 0.0960 0.0964 0.0968 0.0972 0.0975 0.0977 0.0978
0.0944 0.0944 0.0946 0.0948 0.0952 0.0956 0.0962 0.0968 0.0974 0.0980 0.0985 0.0989 0.0990
0.0944 0.0945 0.0946 0.0949 0.0953 0.0958 0.0965 0.0974 0.0982 0.0990 0.0997 0.1002 0.1003
0.0948 0.0949 0.0950 0.0951 0.0955 0.0961 0.0970 0.0980 0.0990 0.1001 0.1010 0.1016 0.1018
0.0956 0.0956 0.0956 0.0957 0.0960 0.0966 0.0975 0.0987 0.1000 0.1013 0.1024 0.1032 0.1035
0.0967 0.0967 0.0966 0.0965 0.0967 0.0973 0.0982 0.0995 0.1010 0.1026 0.1039 0.1048 0.1052
0.0984 0.0982 0.0979 0.0977 0.0977 0.0981 0.0990 0.1005 0.1022 0.1040 0.1056 0.1066 0.1070
0.1007 0.1005 0.0998 0.0992 0.0989 0.0991 0.1000 0.1015 0.1034 0.1055 0.1073 0.1085 0.1089
0.1037 0.1033 0.1024 0.1013 0.1005 0.1005 0.1012 0.1028 0.1048 0.1071 0.1091 0.1105 0.1110
0.1076 0.1070 0.1056 0.1039 0.1025 0.1021 0.1026 0.1041 0.1063 0.1088 0.1110 0.1126 0.1132
0.1125 0.1116 0.1097 0.1071 0.1051 0.1040 0.1043 0.1058 0.1080 0.1107 0.1131 0.1149 0.1155
0.1189 0.1180 0.1149 0.1112 0.1082 0.1064 0.1063 0.1076 0.1099 0.1127 0.1153 0.1172 0.1181
0.1271 0.1254 0.1214 0.1163 0.1120 0.1093 0.1086 0.1097 0.1120 0.1149 0.1178 0.1198 0.1206
0.1371 0.1350 0.1295 0.1226 0.1166 0.1127 0.1113 0.1120 0.1143 0.1174 0.1203 0.1225 0.1233
0.1499 0.1470 0.1396 0.1304 0.1222 0.1168 0.1145 0.1148 0.1169 0.1200 0.1232 0.1254 0.1263
