0.1045 0.1045 0.1045 0.1045 0.1045 0.1045 0.1045 0.1045 0.1045 0.1045 0.1045 0.1045 0.1045
0.1032 0.1033 0.1034 0.1036 0.1039 0.1042 0.1045 0.1049 0.1053 0.1056 0.1058 0.1059 0.1060
0.1022 0.1023 0.1025 0.1028 0.1033 0.1039 0.1046 0.1053 0.1059 0.1065 0.1069 0.1072 0.1073
0.1012 0.1013 0.1017 0.1022 0.1029 0.1037 0.1046 0.1056 0.1066 0.1074 0.1081 0.1086 0.1087
0.1004 0.1006 0.1009 0.1016 0.1025 0.1035 0.1047 0.1060 0.1073 0.1084 0.1094 0.1100 0.1102
0.0998 0.1000 0.1004 0.1011 0.1021 0.1034 0.1049 0.1065 0.1081 0.1095 0.1107 0.1115 0.1117
0.0994 0.0995 0.1000 0.1008 0.1019 0.1033 0.1050 0.1069 0.1089 0.1106 0.1121 0.1129 0.1133
0.0992 0.0994 0.0998 0.1006 0.1018 0.1033 0.1053 0.1074 0.1097 0.1117 0.1134 0.1145 0.1149
0.0993 0.0995 0.0999 0.1006 0.1018 0.1035 0.1056 0.1080 0.1105 0.1129 0.1148 0.1160 0.1165
0.0995 0.0997 0.1002 0.1009 0.1021 0.1038 0.1060 0.1086 0.1114 0.1140 0.1162 0.1177 0.1182
0.1009 0.1009 0.1009 0.1015 0.1025 0.1042 0.1065 0.1093 0.1123 0.1152 0.1177 0.1193 0.1200
0.1023 0.1023 0.1020 0.1023 0.1033 0.1048 0.1071 0.1101 0.1133 0.1165 0.1191 0.1210 0.1217
0.1037 0.1037 0.1036 0.1037 0.1043 0.1057 0.1080 0.1110 0.1144 0.1178 0.1207 0.1226 0.1234
0.1066 0.1063 0.1058 0.1054 0.1056 0.1068 0.1090 0.1120 0.1156 0.1192 0.1223 0.1244 0.1252
0.1101 0.1097 0.1087 0.1078 0.1074 0.1083 0.1102 0.1132 0.1169 0.1207 0.1240 0.1262 0.1271
0.1147 0.1140 0.1125 0.1108 0.1098 0.1101 0.1117 0.1147 0.1184 0.1223 0.1258 0.1282 0.1290
0.1205 0.1196 0.1173 0.1147 0.1128 0.1124 0.1136 0.1163 0.1201 0.1241 0.1277 0.1302 0.1311
