0.0930 0.0930 0.0930 0.0930 0.0930 0.0930 0.0930 0.0930 0.0930 0.0930 0.0930 0.0930 0.0930
0.0946 0.0945 0.0944 0.0941 0.0938 0.0935 0.0932 0.0928 0.0925 0.0923 0.0921 0.0920 0.0920
0.0964 0.0963 0.0960 0.0955 0.0949 0.0942 0.0936 0.0930 0.0925 0.0920 0.0918 0.0916 0.0916
0.0988 0.0986 0.0981 0.0973 0.0964 0.0953 0.0943 0.0934 0.0926 0.0921 0.0917 0.0915 0.0914
0.1019 0.1016 0.1008 0.0996 0.0982 0.0967 0.0953 0.0941 0.0932 0.0925 0.0920 0.0918 0.0917
0.1057 0.1053 0.1042 0.1025 0.1005 0.0985 0.0967 0.0951 0.0939 0.0931 0.0926 0.0924 0.0923
0.1105 0.1099 0.1083 0.1060 0.1034 0.1007 0.0983 0.0964 0.0950 0.0941 0.0936 0.0933 0.0932
0.1163 0.1155 0.1133 0.1102 0.1068 0.1034 0.1004 0.0980 0.0964 0.0953 0.0948 0.0945 0.0945
0.1233 0.1223 0.1194 0.1154 0.1108 0.1065 0.1028 0.1000 0.0980 0.0969 0.0963 0.0961 0.0960
0.1319 0.1305 0.1268 0.1215 0.1157 0.1103 0.1057 0.1023 0.1000 0.0987 0.0981 0.0979 0.0979
0.1423 0.1405 0.1356 0.1288 0.1214 0.1147 0.1092 0.1051 0.1024 0.1009 0.1003 0.1001 0.1000
0.1551 0.1527 0.1463 0.1375 0.1282 0.1199 0.1132 0.1083 0.1052 0.1035 0.1028 0.1026 0.1025
0.1706 0.1675 0.1592 0.1480 0.1363 0.1259 0.1178 0.1120 0.1084 0.1065 0.1057 0.1055 0.1054
0.1895 0.1856 0.1748 0.1605 0.1457 0.1330 0.1232 0.1163 0.1121 0.1098 0.1090 0.1088 0.1088
0.2125 0.2074 0.1937 0.1754 0.1570 0.1412 0.1294 0.1213 0.1163 0.1138 0.1128 0.1125 0.1126
0.2407 0.2339 0.2165 0.1932 0.1702 0.1509 0.1366 0.1270 0.1212 0.1182 0.1171 0.1168 0.1169
0.2750 0.2664 0.2438 0.2146 0.1857 0.1621 0.1449 0.1336 0.1268 0.1233 0.1219 0.1216 0.1216
