0.0823 0.0823 0.0823 0.0823 0.0823 0.0823 0.0823 0.0823 0.0823 0.0823 0.0823 0.0823 0.0823
0.0823 0.0823 0.0823 0.0823 0.0823 0.0823 0.0823 0.0823 0.0823 0.0823 0.0823 0.0823 0.0823
0.0822 0.0822 0.0822 0.0822 0.0822 0.0822 0.0822 0.0822 0.0822 0.0822 0.0822 0.0822 0.0822
0.0823 0.0823 0.0823 0.0823 0.0823 0.0823 0.0823 0.0823 0.0823 0.0823 0.0823 0.0823 0.0823
0.0826 0.0826 0.0826 0.0826 0.0826 0.0826 0.0826 0.0826 0.0826 0.0826 0.0826 0.0826 0.0826
0.0830 0.0830 0.0830 0.0830 0.0830 0.0830 0.0830 0.0830 0.0830 0.0830 0.0830 0.0830 0.0830
0.0836 0.0836 0.0836 0.0836 0.0836 0.0836 0.0836 0.0836 0.0836 0.0836 0.0836 0.0836 0.0836
0.0843 0.0843 0.0843 0.0843 0.0843 0.0843 0.0843 0.0843 0.0843 0.0843 0.0843 0.0843 0.0843
0.0851 0.0851 0.0851 0.0851 0.0851 0.0851 0.0851 0.0851 0.0851 0.0851 0.0851 0.0851 0.0851
0.0861 0.0861 0.0861 0.0861 0.0861 0.0861 0.0861 0.0861 0.0861 0.0861 0.0861 0.0861 0.0861
0.0873 0.0873 0.0873 0.0873 0.0873 0.0873 0.0873 0.0873 0.0873 0.0873 0.0873 0.0873 0.0873
0.0887 0.0887 0.0887 0.0887 0.0887 0.0887 0.0887 0.0887 0.0887 0.0887 0.0887 0.0887 0.0887
0.0904 0.0904 0.0904 0.0904 0.0904 0.0904 0.0904 0.0904 0.0904 0.0904 0.0904 0.0904 0.0904
0.0925 0.0925 0.0925 0.0925 0.0925 0.0925 0.0925 0.0925 0.0925 0.0925 0.0925 0.0925 0.0925
0.0948 0.0948 0.0948 0.0948 0.0948 0.0948 0.0948 0.0948 0.0948 0.0948 0.0948 0.0948 0.0948
0.0977 0.0977 0.0977 0.0977 0.0977 0.0977 0.0977 0.0977 0.0977 0.0977 0.0977 0.0977 0.0977
0.1010 0.1010 0.1010 0.1010 0.1010 0.1010 0.1010 0.1010 0.1010 0.1010 0.1010 0.1010 0.1010
