0.0939 0.0939 0.0939 0.0939 0.0939 0.0939 0.0939 0.0939 0.0939 0.0939 0.0939 0.0939 0.0939
0.0940 0.0940 0.0940 0.0940 0.0940 0.0940 0.0940 0.0940 0.0940 0.0939 0.0939 0.0939 0.0939
0.0944 0.0944 0.0944 0.0943 0.0943 0.0943 0.0942 0.0942 0.0942 0.0942 0.0942 0.0942 0.0942
0.0950 0.0950 0.0950 0.0949 0.0948 0.0947 0.0947 0.0946 0.0946 0.0946 0.0946 0.0946 0.0946
0.0959 0.0959 0.0958 0.0957 0.0955 0.0954 0.0953 0.0952 0.0952 0.0952 0.0952 0.0952 0.0952
0.0971 0.0971 0.0969 0.0967 0.0965 0.0963 0.0961 0.0960 0.0959 0.0959 0.0960 0.0960 0.0960
0.0987 0.0986 0.0984 0.0981 0.0977 0.0974 0.0971 0.0970 0.0969 0.0969 0.0969 0.0969 0.0970
0.1006 0.1005 0.1002 0.0997 0.0992 0.0988 0.0984 0.0981 0.0980 0.0980 0.0980 0.0980 0.0981
0.1029 0.1028 0.1024 0.1018 0.1011 0.1004 0.0999 0.0995 0.0993 0.0992 0.0992 0.0993 0.0993
0.1058 0.1056 0.1050 0.1042 0.1033 0.1024 0.1017 0.1012 0.1009 0.1007 0.1007 0.1007 0.1008
0.1091 0.1089 0.1082 0.1071 0.1059 0.1047 0.1037 0.1030 0.1026 0.1024 0.1023 0.1024 0.1024
0.1131 0.1128 0.1118 0.1105 0.1089 0.1074 0.1061 0.1052 0.1046 0.1043 0.1042 0.1042 0.1042
0.1178 0.1174 0.1162 0.1144 0.1125 0.1105 0.1089 0.1077 0.1069 0.1064 0.1063 0.1062 0.1062
0.1232 0.1227 0.1212 0.1190 0.1165 0.1141 0.1120 0.1105 0.1094 0.1088 0.1085 0.1085 0.1084
0.1296 0.1289 0.1270 0.1243 0.1212 0.1182 0.1156 0.1136 0.1123 0.1115 0.1111 0.1110 0.1109
0.1370 0.1361 0.1337 0.1304 0.1266 0.1229 0.1197 0.1172 0.1155 0.1144 0.1139 0.1137 0.1136
0.1454 0.1444 0.1416 0.1373 0.1327 0.1281 0.1242 0.1212 0.1191 0.1177 0.1170 0.1167 0.1166
