0.0906 0.0906 0.0906 0.0906 0.0906 0.0906 0.0906 0.0906 0.0906 0.0906 0.0906 0.0906 0.0906
0.0916 0.0915 0.0915 0.0913 0.0911 0.0909 0.0907 0.0905 0.0903 0.0902 0.0901 0.0900 0.0900
0.0929 0.0928 0.0926 0.0923 0.0919 0.0915 0.0911 0.0907 0.0904 0.0901 0.0899 0.0898 0.0898
0.0945 0.0944 0.0941 0.0936 0.0930 0.0923 0.0917 0.0911 0.0907 0.0903 0.0901 0.0899 0.0899
0.0967 0.0966 0.0961 0.0953 0.0944 0.0935 0.0926 0.0918 0.0912 0.0907 0.0904 0.0902 0.0902
0.0995 0.0993 0.0985 0.0975 0.0962 0.0949 0.0937 0.0927 0.0919 0.0914 0.0910 0.0908 0.0908
0.1029 0.1025 0.1016 0.1002 0.0985 0.0968 0.0952 0.0939 0.0929 0.0923 0.0919 0.0916 0.0915
0.1069 0.1065 0.1052 0.1034 0.1012 0.0990 0.0970 0.0953 0.0942 0.0934 0.0929 0.0927 0.0926
0.1118 0.1112 0.1096 0.1072 0.1044 0.1016 0.0991 0.0971 0.0956 0.0947 0.0942 0.0939 0.0938
0.1175 0.1168 0.1147 0.1117 0.1082 0.1047 0.1016 0.0992 0.0974 0.0963 0.0957 0.0954 0.0953
0.1244 0.1235 0.1209 0.1171 0.1127 0.1084 0.1046 0.1016 0.0995 0.0982 0.0975 0.0971 0.0971
0.1327 0.1315 0.1281 0.1233 0.1179 0.1126 0.1080 0.1044 0.1018 0.1003 0.0994 0.0991 0.0991
0.1423 0.1408 0.1367 0.1307 0.1240 0.1175 0.1119 0.1076 0.1046 0.1027 0.1017 0.1013 0.1012
0.1539 0.1520 0.1468 0.1393 0.1310 0.1232 0.1165 0.1112 0.1077 0.1055 0.1043 0.1037 0.1036
0.1676 0.1652 0.1586 0.1494 0.1392 0.1297 0.1216 0.1154 0.1111 0.1086 0.1072 0.1065 0.1063
0.1838 0.1808 0.1726 0.1611 0.1487 0.1371 0.1275 0.1201 0.1151 0.1120 0.1103 0.1096 0.1093
0.2030 0.1992 0.1890 0.1748 0.1596 0.1456 0.1341 0.1254 0.1195 0.1158 0.1138 0.1129 0.1127
