0.1158 0.1158 0.1158 0.1158 0.1158 0.1158 0.1158 0.1158 0.1158 0.1158 0.1158 0.1158 0.1158
0.1138 0.1138 0.1140 0.1143 0.1147 0.1152 0.1158 0.1163 0.1168 0.1173 0.1176 0.1178 0.1179
0.1121 0.1123 0.1126 0.1132 0.1139 0.1148 0.1158 0.1168 0.1178 0.1186 0.1193 0.1197 0.1199
0.1107 0.1108 0.1113 0.1121 0.1131 0.1144 0.1158 0.1173 0.1188 0.1201 0.1211 0.1218 0.1220
0.1093 0.1095 0.1101 0.1111 0.1124 0.1140 0.1159 0.1179 0.1199 0.1216 0.1230 0.1239 0.1242
0.1082 0.1085 0.1091 0.1102 0.1118 0.1137 0.1160 0.1185 0.1209 0.1231 0.1249 0.1261 0.1265
0.1074 0.1076 0.1083 0.1095 0.1112 0.1135 0.1161 0.1191 0.1220 0.1248 0.1269 0.1284 0.1288
0.1068 0.1070 0.1077 0.1090 0.1108 0.1133 0.1164 0.1197 0.1231 0.1264 0.1290 0.1307 0.1313
0.1066 0.1067 0.1075 0.1087 0.1107 0.1133 0.1166 0.1204 0.1243 0.1280 0.1310 0.1330 0.1337
0.1067 0.1069 0.1075 0.1087 0.1106 0.1133 0.1169 0.1211 0.1255 0.1297 0.1331 0.1354 0.1362
0.1073 0.1075 0.1079 0.1089 0.1108 0.1136 0.1174 0.1219 0.1267 0.1314 0.1353 0.1378 0.1387
0.1085 0.1085 0.1088 0.1096 0.1112 0.1140 0.1179 0.1228 0.1280 0.1332 0.1375 0.1403 0.1413
0.1102 0.1101 0.1102 0.1106 0.1120 0.1147 0.1186 0.1237 0.1294 0.1350 0.1397 0.1429 0.1440
0.1129 0.1127 0.1121 0.1121 0.1131 0.1155 0.1195 0.1248 0.1309 0.1369 0.1420 0.1454 0.1467
0.1161 0.1158 0.1149 0.1142 0.1146 0.1167 0.1206 0.1261 0.1324 0.1389 0.1443 0.1481 0.1494
0.1207 0.1200 0.1184 0.1169 0.1166 0.1182 0.1220 0.1275 0.1341 0.1409 0.1468 0.1508 0.1523
0.1264 0.1254 0.1231 0.1205 0.1192 0.1202 0.1236 0.1291 0.1360 0.1431 0.1494 0.1536 0.1552
