0.0960 0.0960 0.0960 0.0960 0.0960 0.0960 0.0960 0.0960 0.0960 0.0960 0.0960 0.0960 0.0960
0.0953 0.0954 0.0955 0.0956 0.0957 0.0959 0.0961 0.0963 0.0964 0.0966 0.0968 0.0968 0.0969
0.0949 0.0949 0.0951 0.0953 0.0955 0.0958 0.0962 0.0966 0.0969 0.0972 0.0975 0.0977 0.0977
0.0946 0.0947 0.0948 0.0951 0.0955 0.0959 0.0964 0.0970 0.0975 0.0980 0.0984 0.0986 0.0987
0.0945 0.0945 0.0947 0.0951 0.0955 0.0961 0.0968 0.0975 0.0982 0.0988 0.0994 0.0997 0.0998
0.0945 0.0946 0.0948 0.0952 0.0957 0.0964 0.0972 0.0981 0.0990 0.0998 0.1005 0.1009 0.1011
0.0948 0.0949 0.0951 0.0955 0.0960 0.0968 0.0977 0.0988 0.0999 0.1009 0.1017 0.1022 0.1024
0.0953 0.0953 0.0955 0.0959 0.0965 0.0973 0.0984 0.0996 0.1009 0.1021 0.1030 0.1037 0.1039
0.0960 0.0960 0.0962 0.0966 0.0972 0.0981 0.0992 0.1005 0.1020 0.1034 0.1045 0.1053 0.1055
0.0970 0.0970 0.0972 0.0975 0.0980 0.0989 0.1002 0.1016 0.1032 0.1048 0.1061 0.1070 0.1073
0.0983 0.0983 0.0984 0.0986 0.0991 0.1000 0.1013 0.1029 0.1046 0.1064 0.1078 0.1088 0.1092
0.1000 0.1000 0.0999 0.1000 0.1004 0.1012 0.1025 0.1042 0.1062 0.1081 0.1097 0.1108 0.1112
0.1021 0.1020 0.1019 0.1018 0.1020 0.1027 0.1040 0.1058 0.1079 0.1100 0.1118 0.1130 0.1134
0.1047 0.1045 0.1042 0.1039 0.1039 0.1045 0.1057 0.1076 0.1098 0.1120 0.1140 0.1153 0.1158
0.1078 0.1075 0.1070 0.1064 0.1061 0.1065 0.1077 0.1096 0.1119 0.1143 0.1164 0.1178 0.1183
0.1115 0.1111 0.1103 0.1093 0.1087 0.1089 0.1099 0.1118 0.1142 0.1168 0.1190 0.1206 0.1211
0.1159 0.1154 0.1142 0.1128 0.1118 0.1116 0.1125 0.1143 0.1168 0.1195 0.1219 0.1235 0.1241
