0.1098 0.1098 0.1098 0.1098 0.1098 0.1098 0.1098 0.1098 0.1098 0.1098 0.1098 0.1098 0.1098
0.1080 0.1081 0.1083 0.1085 0.1089 0.1094 0.1098 0.1103 0.1108 0.1112 0.1115 0.1117 0.1118
0.1066 0.1067 0.1070 0.1075 0.1082 0.1090 0.1099 0.1108 0.1117 0.1125 0.1131 0.1135 0.1136
0.1053 0.1054 0.1059 0.1066 0.1075 0.1087 0.1100 0.1114 0.1127 0.1138 0.1148 0.1153 0.1156
0.1041 0.1043 0.1048 0.1057 0.1070 0.1085 0.1102 0.1119 0.1137 0.1153 0.1165 0.1173 0.1176
0.1032 0.1034 0.1040 0.1050 0.1064 0.1083 0.1103 0.1126 0.1148 0.1168 0.1183 0.1194 0.1197
0.1024 0.1027 0.1033 0.1045 0.1061 0.1081 0.1106 0.1132 0.1159 0.1183 0.1203 0.1215 0.1220
0.1020 0.1022 0.1029 0.1041 0.1058 0.1081 0.1109 0.1139 0.1170 0.1199 0.1222 0.1237 0.1243
0.1018 0.1020 0.1027 0.1039 0.1058 0.1082 0.1113 0.1147 0.1182 0.1215 0.1242 0.1260 0.1266
0.1019 0.1021 0.1028 0.1040 0.1059 0.1085 0.1118 0.1156 0.1195 0.1232 0.1263 0.1283 0.1290
0.1025 0.1026 0.1032 0.1043 0.1062 0.1089 0.1124 0.1165 0.1209 0.1250 0.1284 0.1307 0.1315
0.1034 0.1036 0.1040 0.1049 0.1067 0.1094 0.1131 0.1175 0.1222 0.1268 0.1306 0.1331 0.1340
0.1049 0.1049 0.1052 0.1059 0.1075 0.1102 0.1140 0.1186 0.1238 0.1287 0.1329 0.1357 0.1366
0.1070 0.1069 0.1069 0.1073 0.1087 0.1112 0.1150 0.1199 0.1253 0.1307 0.1352 0.1383 0.1394
0.1096 0.1095 0.1092 0.1092 0.1102 0.1125 0.1163 0.1213 0.1271 0.1328 0.1377 0.1410 0.1421
0.1131 0.1128 0.1120 0.1116 0.1120 0.1141 0.1178 0.1229 0.1289 0.1350 0.1402 0.1438 0.1450
0.1175 0.1170 0.1157 0.1146 0.1144 0.1160 0.1195 0.1247 0.1310 0.1373 0.1429 0.1467 0.1480
