0.1200 0.1200 0.1200 0.1200 0.1200 0.1200 0.1200 0.1200 0.1200 0.1200 0.1200 0.1200 0.1200
0.1200 0.1200 0.1200 0.1200 0.1200 0.1200 0.1200 0.1200 0.1200 0.1200 0.1200 0.1200 0.1200
0.1198 0.1198 0.1198 0.1198 0.1198 0.1198 0.1198 0.1198 0.1198 0.1198 0.1198 0.1198 0.1198
0.1196 0.1196 0.1196 0.1196 0.1196 0.1196 0.1196 0.1196 0.1196 0.1196 0.1196 0.1196 0.1196
0.1193 0.1193 0.1193 0.1193 0.1193 0.1193 0.1193 0.1193 0.1193 0.1193 0.1193 0.1193 0.1193
0.1190 0.1190 0.1190 0.1190 0.1190 0.1190 0.1190 0.1190 0.1190 0.1190 0.1190 0.1190 0.1190
0.1186 0.1186 0.1186 0.1186 0.1186 0.1186 0.1186 0.1186 0.1186 0.1186 0.1186 0.1186 0.1186
0.1182 0.1182 0.1182 0.1182 0.1182 0.1182 0.1182 0.1182 0.1182 0.1182 0.1182 0.1182 0.1182
0.1177 0.1177 0.1177 0.1177 0.1177 0.1177 0.1177 0.1177 0.1177 0.1177 0.1177 0.1177 0.1177
0.1173 0.1173 0.1173 0.1173 0.1173 0.1173 0.1173 0.1173 0.1173 0.1173 0.1173 0.1173 0.1173
0.1168 0.1168 0.1168 0.1168 0.1168 0.1168 0.1168 0.1168 0.1168 0.1168 0.1168 0.1168 0.1168
0.1164 0.1164 0.1164 0.1164 0.1164 0.1164 0.1164 0.1164 0.1164 0.1164 0.1164 0.1164 0.1164
0.1160 0.1160 0.1160 0.1160 0.1160 0.1160 0.1160 0.1160 0.1160 0.1160 0.1160 0.1160 0.1160
0.1156 0.1156 0.1156 0.1156 0.1156 0.1156 0.1156 0.1156 0.1156 0.1156 0.1156 0.1156 0.1156
0.1154 0.1154 0.1154 0.1154 0.1154 0.1154 0.1154 0.1154 0.1154 0.1154 0.1154 0.1154 0.1154
0.1153 0.1153 0.1153 0.1153 0.1153 0.1153 0.1153 0.1153 0.1153 0.1153 0.1153 0.1153 0.1153
0.1154 0.1154 0.1154 0.1154 0.1154 0.1154 0.1154 0.1154 0.1154 0.1154 0.1154 0.1154 0.1154
