0.0928 0.0928 0.0928 0.0928 0.0928 0.0928 0.0928 0.0928 0.0928 0.0928 0.0928 0.0928 0.0928
0.0927 0.0927 0.0928 0.0928 0.0928 0.0929 0.0929 0.0930 0.0930 0.0931 0.0931 0.0931 0.0931
0.0928 0.0928 0.0929 0.0929 0.0930 0.0930 0.0931 0.0932 0.0933 0.0934 0.0935 0.0935 0.0935
0.0931 0.0931 0.0931 0.0932 0.0932 0.0933 0.0934 0.0936 0.0937 0.0938 0.0940 0.0940 0.0941
0.0936 0.0936 0.0936 0.0937 0.0937 0.0938 0.0939 0.0941 0.0943 0.0944 0.0946 0.0947 0.0947
0.0944 0.0943 0.0943 0.0943 0.0943 0.0944 0.0945 0.0947 0.0949 0.0952 0.0953 0.0955 0.0955
0.0953 0.0953 0.0953 0.0952 0.0952 0.0952 0.0953 0.0955 0.0957 0.0960 0.0962 0.0964 0.0965
0.0967 0.0966 0.0966 0.0964 0.0963 0.0962 0.0963 0.0964 0.0967 0.0970 0.0972 0.0974 0.0976
0.0984 0.0983 0.0982 0.0979 0.0976 0.0974 0.0974 0.0975 0.0978 0.0981 0.0984 0.0986 0.0987
0.1006 0.1005 0.1002 0.0997 0.0993 0.0989 0.0988 0.0988 0.0990 0.0993 0.0996 0.0999 0.1000
0.1032 0.1030 0.1026 0.1020 0.1013 0.1007 0.1004 0.1003 0.1005 0.1008 0.1011 0.1013 0.1014
0.1063 0.1061 0.1055 0.1046 0.1037 0.1028 0.1023 0.1020 0.1021 0.1023 0.1027 0.1029 0.1030
0.1101 0.1098 0.1089 0.1077 0.1064 0.1053 0.1045 0.1040 0.1039 0.1041 0.1044 0.1046 0.1047
0.1145 0.1141 0.1130 0.1114 0.1097 0.1082 0.1070 0.1063 0.1060 0.1061 0.1063 0.1066 0.1067
0.1198 0.1193 0.1178 0.1158 0.1135 0.1115 0.1099 0.1089 0.1084 0.1083 0.1085 0.1087 0.1088
0.1260 0.1253 0.1234 0.1208 0.1180 0.1153 0.1132 0.1118 0.1111 0.1108 0.1109 0.1110 0.1111
0.1332 0.1324 0.1301 0.1267 0.1231 0.1197 0.1170 0.1151 0.1140 0.1136 0.1136 0.1136 0.1137
