0.0969 0.0969 0.0969 0.0969 0.0969 0.0969 0.0969 0.0969 0.0969 0.0969 0.0969 0.0969 0.0969
0.0969 0.0969 0.0969 0.0969 0.0969 0.0969 0.0969 0.0969 0.0969 0.0969 0.0969 0.0969 0.0969
0.0970 0.0970 0.0970 0.0970 0.0970 0.0970 0.0970 0.0970 0.0970 0.0970 0.0970 0.0970 0.0970
0.0970 0.0970 0.0970 0.0970 0.0970 0.0970 0.0970 0.0970 0.0970 0.0970 0.0970 0.0970 0.0970
0.0972 0.0972 0.0972 0.0972 0.0972 0.0972 0.0972 0.0972 0.0972 0.0972 0.0972 0.0972 0.0972
0.0973 0.0973 0.0973 0.0973 0.0973 0.0973 0.0973 0.0973 0.0973 0.0973 0.0973 0.0973 0.0973
0.0975 0.0975 0.0975 0.0975 0.0975 0.0975 0.0975 0.0975 0.0975 0.0975 0.0975 0.0975 0.0975
0.0977 0.0977 0.0977 0.0977 0.0977 0.0977 0.0977 0.0977 0.0977 0.0977 0.0977 0.0977 0.0977
0.0981 0.0981 0.0981 0.0981 0.0981 0.0981 0.0981 0.0981 0.0981 0.0981 0.0981 0.0981 0.0981
0.0985 0.0985 0.0985 0.0985 0.0985 0.0985 0.0985 0.0985 0.0985 0.0985 0.0985 0.0985 0.0985
0.0991 0.0991 0.0991 0.0991 0.0991 0.0991 0.0991 0.0991 0.0991 0.0991 0.0991 0.0991 0.0991
0.0997 0.0997 0.0997 0.0997 0.0997 0.0997 0.0997 0.0997 0.0997 0.0997 0.0997 0.0997 0.0997
0.1005 0.1005 0.1005 0.1005 0.1005 0.1005 0.1005 0.1005 0.1005 0.1005 0.1005 0.1005 0.1005
0.1014 0.1014 0.1014 0.1014 0.1014 0.1014 0.1014 0.1014 0.1014 0.1014 0.1014 0.1014 0.1014
0.1025 0.1025 0.1025 0.1025 0.1025 0.1025 0.1025 0.1025 0.1025 0.1025 0.1025 0.1025 0.1025
0.1039 0.1039 0.1039 0.1039 0.1039 0.1039 0.1039 0.1039 0.1039 0.1039 0.1039 0.1039 0.1039
0.1056 0.1056 0.1056 0.1056 0.1056 0.1056 0.1056 0.1056 0.1056 0.1056 0.1056 0.1056 0.1056
