0.0819 0.0819 0.0819 0.0819 0.0819 0.0819 0.0819 0.0819 0.0819 0.0819 0.0819 0.0819 0.0819
0.0817 0.0817 0.0817 0.0818 0.0818 0.0818 0.0819 0.0820 0.0821 0.0821 0.0821 0.0822 0.0822
0.0817 0.0817 0.0817 0.0818 0.0818 0.0819 0.0821 0.0822 0.0823 0.0824 0.0825 0.0825 0.0825
0.0818 0.0819 0.0819 0.0819 0.0820 0.0821 0.0823 0.0825 0.0827 0.0828 0.0829 0.0830 0.0830
0.0822 0.0822 0.0822 0.0822 0.0824 0.0825 0.0827 0.0828 0.0831 0.0833 0.0835 0.0836 0.0836
0.0828 0.0828 0.0827 0.0827 0.0828 0.0829 0.0831 0.0833 0.0836 0.0839 0.0841 0.0843 0.0844
0.0837 0.0836 0.0836 0.0835 0.0835 0.0835 0.0837 0.0840 0.0843 0.0846 0.0849 0.0852 0.0853
0.0849 0.0848 0.0846 0.0845 0.0844 0.0843 0.0845 0.0847 0.0850 0.0854 0.0858 0.0860 0.0863
0.0863 0.0863 0.0860 0.0857 0.0855 0.0853 0.0853 0.0856 0.0860 0.0863 0.0867 0.0870 0.0872
0.0882 0.0881 0.0878 0.0873 0.0869 0.0866 0.0865 0.0866 0.0870 0.0874 0.0877 0.0880 0.0882
0.0905 0.0903 0.0899 0.0892 0.0886 0.0881 0.0878 0.0878 0.0881 0.0885 0.0889 0.0892 0.0894
0.0933 0.0931 0.0925 0.0916 0.0907 0.0899 0.0894 0.0892 0.0895 0.0898 0.0903 0.0905 0.0906
0.0968 0.0965 0.0956 0.0944 0.0932 0.0921 0.0913 0.0909 0.0910 0.0913 0.0917 0.0920 0.0921
0.1009 0.1005 0.0994 0.0979 0.0962 0.0947 0.0936 0.0930 0.0928 0.0930 0.0934 0.0937 0.0938
0.1060 0.1054 0.1040 0.1019 0.0997 0.0977 0.0962 0.0953 0.0948 0.0950 0.0952 0.0955 0.0956
0.1121 0.1114 0.1094 0.1068 0.1039 0.1013 0.0993 0.0979 0.0973 0.0972 0.0973 0.0976 0.0976
0.1195 0.1186 0.1161 0.1126 0.1088 0.1056 0.1029 0.1010 0.1000 0.0996 0.0997 0.0999 0.1000
