0.0976 0.0976 0.0976 0.0976 0.0976 0.0976 0.0976 0.0976 0.0976 0.0976 0.0976 0.0976 0.0976
0.0968 0.0968 0.0969 0.0970 0.0972 0.0974 0.0976 0.0979 0.0981 0.0983 0.0984 0.0985 0.0986
0.0962 0.0963 0.0964 0.0966 0.0970 0.0973 0.0978 0.0982 0.0986 0.0990 0.0993 0.0995 0.0995
0.0958 0.0959 0.0961 0.0964 0.0968 0.0974 0.0980 0.0986 0.0993 0.0998 0.1003 0.1006 0.1007
0.0956 0.0957 0.0959 0.0963 0.0968 0.0975 0.0983 0.0991 0.1000 0.1007 0.1013 0.1017 0.1019
0.0956 0.0957 0.0959 0.0964 0.0970 0.0978 0.0987 0.0998 0.1008 0.1017 0.1025 0.1030 0.1032
0.0958 0.0959 0.0962 0.0966 0.0973 0.0982 0.0992 0.1005 0.1017 0.1028 0.1038 0.1044 0.1047
0.0963 0.0964 0.0966 0.0971 0.0978 0.0987 0.0999 0.1013 0.1027 0.1041 0.1052 0.1059 0.1061
0.0972 0.0972 0.0974 0.0978 0.0984 0.0994 0.1007 0.1022 0.1038 0.1054 0.1066 0.1074 0.1078
0.0983 0.0984 0.0985 0.0988 0.0993 0.1003 0.1016 0.1032 0.1050 0.1067 0.1082 0.1091 0.1095
0.0999 0.0999 0.0999 0.1001 0.1005 0.1014 0.1027 0.1045 0.1063 0.1083 0.1098 0.1108 0.1112
0.1019 0.1018 0.1017 0.1017 0.1020 0.1027 0.1041 0.1058 0.1078 0.1098 0.1116 0.1128 0.1132
0.1046 0.1045 0.1041 0.1037 0.1037 0.1044 0.1055 0.1073 0.1094 0.1116 0.1135 0.1147 0.1152
0.1078 0.1075 0.1069 0.1063 0.1060 0.1063 0.1073 0.1090 0.1111 0.1135 0.1155 0.1168 0.1173
0.1117 0.1114 0.1104 0.1093 0.1086 0.1085 0.1093 0.1109 0.1131 0.1156 0.1176 0.1191 0.1196
0.1165 0.1160 0.1146 0.1130 0.1117 0.1111 0.1117 0.1131 0.1154 0.1177 0.1200 0.1215 0.1220
0.1221 0.1215 0.1197 0.1173 0.1154 0.1142 0.1143 0.1156 0.1177 0.1202 0.1225 0.1241 0.1246
