0.1055 0.1055 0.1055 0.1055 0.1055 0.1055 0.1055 0.1055 0.1055 0.1055 0.1055 0.1055 0.1055
0.1044 0.1044 0.1045 0.1047 0.1049 0.1052 0.1055 0.1058 0.1061 0.1063 0.1065 0.1066 0.1067
0.1034 0.1035 0.1037 0.1040 0.1044 0.1049 0.1055 0.1060 0.1066 0.1070 0.1074 0.1076 0.1077
0.1025 0.1026 0.1029 0.1033 0.1039 0.1046 0.1054 0.1063 0.1071 0.1077 0.1083 0.1086 0.1087
0.1016 0.1017 0.1021 0.1026 0.1034 0.1044 0.1054 0.1065 0.1075 0.1084 0.1091 0.1096 0.1098
0.1008 0.1009 0.1013 0.1020 0.1029 0.1041 0.1053 0.1067 0.1080 0.1091 0.1100 0.1106 0.1108
0.0997 0.0999 0.1007 0.1015 0.1025 0.1038 0.1053 0.1069 0.1084 0.1098 0.1109 0.1116 0.1118
0.0991 0.0993 0.1001 0.1010 0.1022 0.1036 0.1053 0.1071 0.1089 0.1104 0.1117 0.1126 0.1129
0.0987 0.0989 0.0997 0.1006 0.1019 0.1035 0.1053 0.1073 0.1093 0.1111 0.1125 0.1135 0.1138
0.0987 0.0989 0.0995 0.1004 0.1017 0.1034 0.1054 0.1076 0.1097 0.1118 0.1133 0.1144 0.1148
0.0987 0.0989 0.0994 0.1004 0.1017 0.1035 0.1056 0.1079 0.1102 0.1124 0.1142 0.1153 0.1157
0.0990 0.0992 0.0997 0.1005 0.1019 0.1036 0.1058 0.1082 0.1108 0.1131 0.1150 0.1162 0.1167
0.0996 0.0998 0.1002 0.1010 0.1022 0.1040 0.1062 0.1087 0.1113 0.1138 0.1159 0.1172 0.1176
0.1006 0.1007 0.1010 0.1017 0.1028 0.1045 0.1067 0.1093 0.1120 0.1146 0.1168 0.1182 0.1187
0.1020 0.1021 0.1023 0.1028 0.1037 0.1052 0.1074 0.1100 0.1128 0.1155 0.1177 0.1192 0.1198
0.1041 0.1041 0.1041 0.1043 0.1050 0.1063 0.1083 0.1109 0.1137 0.1164 0.1188 0.1203 0.1209
0.1068 0.1067 0.1064 0.1063 0.1067 0.1078 0.1095 0.1120 0.1148 0.1176 0.1200 0.1216 0.1222
