0.0930 0.0930 0.0930 0.0930 0.0930 0.0930 0.0930 0.0930 0.0930 0.0930 0.0930 0.0930 0.0930
0.0929 0.0929 0.0929 0.0929 0.0929 0.0930 0.0930 0.0931 0.0931 0.0932 0.0932 0.0932 0.0932
0.0929 0.0929 0.0929 0.0930 0.0930 0.0931 0.0932 0.0933 0.0934 0.0934 0.0935 0.0935 0.0936
0.0930 0.0930 0.0931 0.0931 0.0932 0.0933 0.0935 0.0936 0.0937 0.0938 0.0939 0.0940 0.0940
0.0933 0.0933 0.0934 0.0935 0.0936 0.0937 0.0938 0.0940 0.0941 0.0943 0.0944 0.0945 0.0945
0.0937 0.0938 0.0938 0.0939 0.0940 0.0942 0.0943 0.0945 0.0947 0.0949 0.0950 0.0951 0.0951
0.0944 0.0944 0.0945 0.0945 0.0947 0.0948 0.0950 0.0952 0.0954 0.0956 0.0957 0.0958 0.0959
0.0952 0.0953 0.0953 0.0954 0.0955 0.0956 0.0958 0.0960 0.0962 0.0964 0.0965 0.0966 0.0967
0.0963 0.0963 0.0963 0.0964 0.0964 0.0965 0.0967 0.0969 0.0971 0.0973 0.0975 0.0976 0.0976
0.0977 0.0976 0.0976 0.0976 0.0976 0.0977 0.0978 0.0980 0.0982 0.0984 0.0986 0.0987 0.0987
0.0993 0.0992 0.0992 0.0991 0.0991 0.0991 0.0991 0.0993 0.0994 0.0996 0.0998 0.0999 0.1000
0.1012 0.1012 0.1010 0.1009 0.1008 0.1007 0.1007 0.1007 0.1009 0.1010 0.1012 0.1013 0.1013
0.1035 0.1035 0.1033 0.1030 0.1028 0.1026 0.1025 0.1024 0.1025 0.1026 0.1028 0.1029 0.1029
0.1062 0.1062 0.1059 0.1056 0.1052 0.1048 0.1046 0.1044 0.1044 0.1045 0.1046 0.1046 0.1047
0.1094 0.1093 0.1090 0.1085 0.1079 0.1074 0.1070 0.1067 0.1066 0.1065 0.1066 0.1066 0.1066
0.1132 0.1130 0.1125 0.1119 0.1111 0.1104 0.1097 0.1093 0.1090 0.1089 0.1088 0.1088 0.1089
0.1175 0.1173 0.1167 0.1158 0.1148 0.1137 0.1129 0.1122 0.1118 0.1115 0.1114 0.1113 0.1113
