0.1037 0.1037 0.1037 0.1037 0.1037 0.1037 0.1037 0.1037 0.1037 0.1037 0.1037 0.1037 0.1037
0.1053 0.1052 0.1051 0.1048 0.1045 0.1043 0.1039 0.1035 0.1032 0.1031 0.1029 0.1027 0.1027
0.1071 0.1070 0.1068 0.1063 0.1057 0.1051 0.1044 0.1038 0.1032 0.1029 0.1026 0.1024 0.1023
0.1096 0.1095 0.1090 0.1083 0.1073 0.1063 0.1054 0.1044 0.1037 0.1031 0.1027 0.1024 0.1023
0.1129 0.1126 0.1119 0.1108 0.1095 0.1080 0.1067 0.1054 0.1044 0.1037 0.1031 0.1029 0.1027
0.1168 0.1164 0.1154 0.1139 0.1121 0.1102 0.1083 0.1068 0.1056 0.1046 0.1040 0.1037 0.1035
0.1216 0.1212 0.1198 0.1177 0.1153 0.1128 0.1105 0.1085 0.1070 0.1059 0.1053 0.1049 0.1048
0.1275 0.1268 0.1250 0.1223 0.1191 0.1160 0.1131 0.1108 0.1089 0.1077 0.1070 0.1065 0.1064
0.1345 0.1336 0.1312 0.1278 0.1238 0.1198 0.1162 0.1134 0.1112 0.1098 0.1090 0.1085 0.1083
0.1429 0.1418 0.1386 0.1342 0.1292 0.1242 0.1200 0.1165 0.1140 0.1123 0.1114 0.1109 0.1108
0.1530 0.1515 0.1475 0.1419 0.1356 0.1294 0.1242 0.1201 0.1173 0.1154 0.1143 0.1138 0.1136
0.1648 0.1631 0.1580 0.1508 0.1430 0.1356 0.1293 0.1244 0.1210 0.1189 0.1177 0.1172 0.1170
0.1792 0.1767 0.1704 0.1614 0.1516 0.1425 0.1350 0.1293 0.1254 0.1229 0.1216 0.1210 0.1208
0.1961 0.1931 0.1850 0.1738 0.1617 0.1507 0.1416 0.1349 0.1304 0.1276 0.1261 0.1254 0.1252
0.2161 0.2124 0.2023 0.1883 0.1734 0.1600 0.1492 0.1413 0.1360 0.1328 0.1311 0.1304 0.1302
0.2399 0.2353 0.2225 0.2051 0.1869 0.1707 0.1578 0.1485 0.1424 0.1387 0.1369 0.1360 0.1359
0.2682 0.2622 0.2462 0.2247 0.2024 0.1829 0.1675 0.1568 0.1496 0.1454 0.1433 0.1424 0.1422
