0.1134 0.1134 0.1134 0.1134 0.1134 0.1134 0.1134 0.1134 0.1134 0.1134 0.1134 0.1134 0.1134
0.1117 0.1117 0.1119 0.1122 0.1125 0.1130 0.1134 0.1140 0.1144 0.1148 0.1151 0.1153 0.1153
0.1101 0.1102 0.1106 0.1110 0.1117 0.1125 0.1134 0.1143 0.1152 0.1160 0.1165 0.1169 0.1170
0.1086 0.1088 0.1092 0.1099 0.1109 0.1121 0.1134 0.1147 0.1160 0.1171 0.1180 0.1186 0.1188
0.1072 0.1074 0.1080 0.1089 0.1101 0.1116 0.1133 0.1151 0.1168 0.1183 0.1195 0.1203 0.1205
0.1060 0.1062 0.1068 0.1079 0.1094 0.1112 0.1133 0.1154 0.1176 0.1195 0.1210 0.1220 0.1223
0.1048 0.1051 0.1058 0.1070 0.1087 0.1107 0.1132 0.1157 0.1183 0.1207 0.1225 0.1237 0.1241
0.1039 0.1042 0.1049 0.1062 0.1080 0.1104 0.1132 0.1161 0.1191 0.1218 0.1240 0.1254 0.1259
0.1032 0.1035 0.1042 0.1056 0.1075 0.1101 0.1131 0.1164 0.1198 0.1229 0.1254 0.1271 0.1277
0.1026 0.1028 0.1037 0.1051 0.1071 0.1098 0.1131 0.1168 0.1205 0.1240 0.1269 0.1287 0.1294
0.1028 0.1029 0.1035 0.1049 0.1069 0.1097 0.1132 0.1172 0.1213 0.1251 0.1283 0.1304 0.1311
0.1029 0.1032 0.1036 0.1048 0.1068 0.1097 0.1133 0.1176 0.1220 0.1262 0.1297 0.1320 0.1329
0.1033 0.1035 0.1041 0.1051 0.1070 0.1099 0.1136 0.1180 0.1228 0.1274 0.1311 0.1337 0.1346
0.1046 0.1047 0.1050 0.1058 0.1075 0.1102 0.1140 0.1186 0.1236 0.1285 0.1326 0.1353 0.1363
0.1064 0.1064 0.1064 0.1069 0.1082 0.1108 0.1145 0.1193 0.1246 0.1297 0.1341 0.1369 0.1380
0.1090 0.1088 0.1085 0.1085 0.1094 0.1117 0.1153 0.1201 0.1255 0.1309 0.1356 0.1387 0.1397
0.1124 0.1120 0.1112 0.1106 0.1110 0.1129 0.1163 0.1211 0.1267 0.1323 0.1371 0.1404 0.1415
