0.0972 0.0972 0.0972 0.0972 0.0972 0.0972 0.0972 0.0972 0.0972 0.0972 0.0972 0.0972 0.0972
0.0972 0.0972 0.0972 0.0972 0.0972 0.0972 0.0972 0.0972 0.0972 0.0972 0.0972 0.0972 0.0972
0.0974 0.0974 0.0974 0.0974 0.0974 0.0974 0.0974 0.0974 0.0974 0.0974 0.0974 0.0974 0.0974
0.0974 0.0974 0.0974 0.0974 0.0974 0.0974 0.0974 0.0974 0.0974 0.0974 0.0974 0.0974 0.0974
0.0977 0.0977 0.0977 0.0977 0.0977 0.0977 0.0977 0.0977 0.0977 0.0977 0.0977 0.0977 0.0977
0.0979 0.0979 0.0979 0.0979 0.0979 0.0979 0.0979 0.0979 0.0979 0.0979 0.0979 0.0979 0.0979
0.0982 0.0982 0.0982 0.0982 0.0982 0.0982 0.0982 0.0982 0.0982 0.0982 0.0982 0.0982 0.0982
0.0986 0.0986 0.0986 0.0986 0.0986 0.0986 0.0986 0.0986 0.0986 0.0986 0.0986 0.0986 0.0986
0.0990 0.0990 0.0990 0.0990 0.0990 0.0990 0.0990 0.0990 0.0990 0.0990 0.0990 0.0990 0.0990
0.0997 0.0997 0.0997 0.0997 0.0997 0.0997 0.0997 0.0997 0.0997 0.0997 0.0997 0.0997 0.0997
0.1004 0.1004 0.1004 0.1004 0.1004 0.1004 0.1004 0.1004 0.1004 0.1004 0.1004 0.1004 0.1004
0.1013 0.1013 0.1013 0.1013 0.1013 0.1013 0.1013 0.1013 0.1013 0.1013 0.1013 0.1013 0.1013
0.1023 0.1023 0.1023 0.1023 0.1023 0.1023 0.1023 0.1023 0.1023 0.1023 0.1023 0.1023 0.1023
0.1035 0.1035 0.1035 0.1035 0.1035 0.1035 0.1035 0.1035 0.1035 0.1035 0.1035 0.1035 0.1035
0.1049 0.1049 0.1049 0.1049 0.1049 0.1049 0.1049 0.1049 0.1049 0.1049 0.1049 0.1049 0.1049
0.1066 0.1066 0.1066 0.1066 0.1066 0.1066 0.1066 0.1066 0.1066 0.1066 0.1066 0.1066 0.1066
0.1086 0.1086 0.1086 0.1086 0.1086 0.1086 0.1086 0.1086 0.1086 0.1086 0.1086 0.1086 0.1086
