0.0971 0.0971 0.0971 0.0971 0.0971 0.0971 0.0971 0.0971 0.0971 0.0971 0.0971 0.0971 0.0971
0.0966 0.0966 0.0967 0.0968 0.0968 0.0970 0.0971 0.0973 0.0974 0.0975 0.0976 0.0976 0.0977
0.0962 0.0962 0.0963 0.0965 0.0967 0.0969 0.0971 0.0974 0.0976 0.0978 0.0980 0.0981 0.0981
0.0959 0.0959 0.0960 0.0962 0.0965 0.0968 0.0972 0.0975 0.0979 0.0982 0.0984 0.0986 0.0986
0.0955 0.0955 0.0957 0.0959 0.0963 0.0968 0.0972 0.0977 0.0982 0.0986 0.0988 0.0991 0.0991
0.0951 0.0952 0.0954 0.0957 0.0962 0.0967 0.0973 0.0979 0.0984 0.0989 0.0993 0.0996 0.0996
0.0949 0.0950 0.0952 0.0956 0.0961 0.0967 0.0974 0.0981 0.0987 0.0993 0.0998 0.1000 0.1001
0.0947 0.0948 0.0950 0.0955 0.0961 0.0968 0.0975 0.0983 0.0991 0.0997 0.1003 0.1006 0.1007
0.0946 0.0947 0.0950 0.0955 0.0961 0.0968 0.0977 0.0986 0.0995 0.1002 0.1008 0.1012 0.1013
0.0946 0.0947 0.0950 0.0955 0.0962 0.0970 0.0980 0.0989 0.0999 0.1007 0.1014 0.1018 0.1019
0.0947 0.0948 0.0952 0.0957 0.0964 0.0973 0.0983 0.0993 0.1003 0.1012 0.1019 0.1024 0.1025
0.0950 0.0951 0.0955 0.0960 0.0968 0.0977 0.0987 0.0998 0.1009 0.1018 0.1026 0.1031 0.1032
0.0955 0.0955 0.0959 0.0964 0.0972 0.0982 0.0992 0.1004 0.1015 0.1025 0.1033 0.1038 0.1040
0.0961 0.0962 0.0965 0.0971 0.0978 0.0988 0.0999 0.1010 0.1022 0.1032 0.1041 0.1046 0.1048
0.0969 0.0970 0.0973 0.0979 0.0986 0.0996 0.1006 0.1018 0.1030 0.1041 0.1049 0.1055 0.1057
0.0981 0.0982 0.0984 0.0989 0.0996 0.1005 0.1016 0.1028 0.1040 0.1050 0.1059 0.1065 0.1067
0.0995 0.0996 0.0998 0.1002 0.1009 0.1017 0.1028 0.1039 0.1051 0.1062 0.1070 0.1076 0.1078
