0.1044 0.1044 0.1044 0.1044 0.1044 0.1044 0.1044 0.1044 0.1044 0.1044 0.1044 0.1044 0.1044
0.1029 0.1029 0.1031 0.1033 0.1037 0.1040 0.1044 0.1049 0.1053 0.1056 0.1059 0.1060 0.1061
0.1017 0.1018 0.1021 0.1025 0.1031 0.1038 0.1045 0.1053 0.1061 0.1067 0.1072 0.1075 0.1077
0.1007 0.1008 0.1012 0.1018 0.1026 0.1035 0.1047 0.1058 0.1069 0.1079 0.1087 0.1092 0.1094
0.0997 0.0999 0.1004 0.1011 0.1021 0.1034 0.1049 0.1064 0.1079 0.1092 0.1103 0.1110 0.1112
0.0991 0.0992 0.0998 0.1006 0.1018 0.1034 0.1051 0.1070 0.1089 0.1106 0.1120 0.1128 0.1131
0.0986 0.0988 0.0993 0.1003 0.1017 0.1034 0.1055 0.1077 0.1100 0.1120 0.1137 0.1148 0.1152
0.0984 0.0986 0.0991 0.1002 0.1016 0.1036 0.1059 0.1085 0.1111 0.1135 0.1155 0.1168 0.1173
0.0984 0.0986 0.0992 0.1002 0.1018 0.1039 0.1064 0.1093 0.1123 0.1151 0.1174 0.1189 0.1194
0.0988 0.0989 0.0995 0.1005 0.1021 0.1043 0.1071 0.1103 0.1136 0.1168 0.1194 0.1211 0.1217
0.0995 0.0996 0.1001 0.1010 0.1026 0.1049 0.1078 0.1113 0.1150 0.1185 0.1214 0.1234 0.1240
0.1006 0.1007 0.1011 0.1019 0.1033 0.1056 0.1087 0.1124 0.1165 0.1203 0.1236 0.1257 0.1265
0.1022 0.1022 0.1024 0.1030 0.1044 0.1066 0.1098 0.1137 0.1180 0.1223 0.1258 0.1282 0.1290
0.1043 0.1043 0.1042 0.1046 0.1057 0.1078 0.1110 0.1151 0.1197 0.1243 0.1281 0.1307 0.1316
0.1070 0.1069 0.1066 0.1066 0.1073 0.1093 0.1124 0.1167 0.1216 0.1264 0.1306 0.1334 0.1343
0.1104 0.1101 0.1095 0.1090 0.1094 0.1110 0.1141 0.1185 0.1235 0.1287 0.1332 0.1362 0.1372
0.1146 0.1141 0.1131 0.1121 0.1119 0.1132 0.1161 0.1204 0.1257 0.1312 0.1359 0.1391 0.1402
