0.0905 0.0905 0.0905 0.0905 0.0905 0.0905 0.0905 0.0905 0.0905 0.0905 0.0905 0.0905 0.0905
0.0910 0.0910 0.0909 0.0908 0.0908 0.0907 0.0905 0.0905 0.0904 0.0903 0.0903 0.0903 0.0903
0.0918 0.0918 0.0917 0.0915 0.0913 0.0911 0.0908 0.0907 0.0905 0.0905 0.0904 0.0904 0.0904
0.0931 0.0931 0.0929 0.0925 0.0921 0.0917 0.0913 0.0911 0.0909 0.0908 0.0908 0.0908 0.0908
0.0949 0.0947 0.0944 0.0938 0.0931 0.0926 0.0921 0.0917 0.0915 0.0914 0.0914 0.0915 0.0915
0.0971 0.0969 0.0963 0.0955 0.0946 0.0937 0.0930 0.0925 0.0922 0.0922 0.0922 0.0923 0.0923
0.0999 0.0996 0.0988 0.0976 0.0963 0.0952 0.0941 0.0935 0.0932 0.0931 0.0933 0.0934 0.0934
0.1034 0.1030 0.1019 0.1003 0.0985 0.0969 0.0956 0.0947 0.0944 0.0944 0.0945 0.0947 0.0947
0.1078 0.1073 0.1057 0.1035 0.1011 0.0990 0.0973 0.0962 0.0957 0.0957 0.0960 0.0962 0.0962
0.1132 0.1124 0.1104 0.1074 0.1043 0.1015 0.0993 0.0980 0.0973 0.0973 0.0975 0.0978 0.0979
0.1198 0.1188 0.1160 0.1122 0.1081 0.1045 0.1017 0.0999 0.0991 0.0991 0.0994 0.0997 0.0998
0.1278 0.1264 0.1228 0.1178 0.1125 0.1080 0.1045 0.1023 0.1013 0.1011 0.1014 0.1018 0.1020
0.1377 0.1360 0.1311 0.1245 0.1178 0.1120 0.1077 0.1050 0.1037 0.1034 0.1037 0.1042 0.1044
0.1496 0.1472 0.1411 0.1327 0.1242 0.1168 0.1114 0.1081 0.1064 0.1060 0.1063 0.1068 0.1070
0.1643 0.1614 0.1532 0.1425 0.1316 0.1225 0.1158 0.1116 0.1095 0.1089 0.1092 0.1096 0.1099
0.1821 0.1782 0.1678 0.1542 0.1404 0.1290 0.1208 0.1156 0.1130 0.1122 0.1124 0.1128 0.1130
0.2039 0.1989 0.1856 0.1681 0.1508 0.1366 0.1266 0.1202 0.1169 0.1158 0.1159 0.1163 0.1166
