0.0864 0.0864 0.0864 0.0864 0.0864 0.0864 0.0864 0.0864 0.0864 0.0864 0.0864 0.0864 0.0864
0.0863 0.0863 0.0863 0.0863 0.0863 0.0863 0.0863 0.0863 0.0863 0.0863 0.0863 0.0863 0.0863
0.0860 0.0860 0.0860 0.0860 0.0860 0.0860 0.0860 0.0860 0.0860 0.0860 0.0860 0.0860 0.0860
0.0861 0.0861 0.0861 0.0861 0.0861 0.0861 0.0861 0.0861 0.0861 0.0861 0.0861 0.0861 0.0861
0.0862 0.0862 0.0862 0.0862 0.0862 0.0862 0.0862 0.0862 0.0862 0.0862 0.0862 0.0862 0.0862
0.0864 0.0864 0.0864 0.0864 0.0864 0.0864 0.0864 0.0864 0.0864 0.0864 0.0864 0.0864 0.0864
0.0867 0.0867 0.0867 0.0867 0.0867 0.0867 0.0867 0.0867 0.0867 0.0867 0.0867 0.0867 0.0867
0.0871 0.0871 0.0871 0.0871 0.0871 0.0871 0.0871 0.0871 0.0871 0.0871 0.0871 0.0871 0.0871
0.0875 0.0875 0.0875 0.0875 0.0875 0.0875 0.0875 0.0875 0.0875 0.0875 0.0875 0.0875 0.0875
0.0881 0.0881 0.0881 0.0881 0.0881 0.0881 0.0881 0.0881 0.0881 0.0881 0.0881 0.0881 0.0881
0.0888 0.0888 0.0888 0.0888 0.0888 0.0888 0.0888 0.0888 0.0888 0.0888 0.0888 0.0888 0.0888
0.0897 0.0897 0.0897 0.0897 0.0897 0.0897 0.0897 0.0897 0.0897 0.0897 0.0897 0.0897 0.0897
0.0908 0.0908 0.0908 0.0908 0.0908 0.0908 0.0908 0.0908 0.0908 0.0908 0.0908 0.0908 0.0908
0.0922 0.0922 0.0922 0.0922 0.0922 0.0922 0.0922 0.0922 0.0922 0.0922 0.0922 0.0922 0.0922
0.0938 0.0938 0.0938 0.0938 0.0938 0.0938 0.0938 0.0938 0.0938 0.0938 0.0938 0.0938 0.0938
0.0958 0.0958 0.0958 0.0958 0.0958 0.0958 0.0958 0.0958 0.0958 0.0958 0.0958 0.0958 0.0958
0.0981 0.0981 0.0981 0.0981 0.0981 0.0981 0.0981 0.0981 0.0981 0.0981 0.0981 0.0981 0.0981
