0.0898 0.0898 0.0898 0.0898 0.0898 0.0898 0.0898 0.0898 0.0898 0.0898 0.0898 0.0898 0.0898
0.0900 0.0900 0.0900 0.0900 0.0899 0.0899 0.0899 0.0898 0.0898 0.0898 0.0898 0.0898 0.0898
0.0905 0.0905 0.0904 0.0904 0.0903 0.0902 0.0902 0.0901 0.0900 0.0900 0.0900 0.0899 0.0899
0.0912 0.0912 0.0911 0.0910 0.0909 0.0907 0.0906 0.0905 0.0904 0.0904 0.0903 0.0903 0.0904
0.0921 0.0921 0.0919 0.0918 0.0916 0.0915 0.0913 0.0912 0.0910 0.0909 0.0909 0.0909 0.0909
0.0932 0.0932 0.0930 0.0929 0.0927 0.0924 0.0922 0.0920 0.0918 0.0917 0.0916 0.0916 0.0916
0.0947 0.0946 0.0944 0.0942 0.0939 0.0936 0.0933 0.0931 0.0928 0.0927 0.0926 0.0925 0.0925
0.0964 0.0963 0.0962 0.0959 0.0955 0.0951 0.0947 0.0944 0.0941 0.0939 0.0937 0.0936 0.0936
0.0986 0.0985 0.0982 0.0978 0.0974 0.0969 0.0963 0.0959 0.0955 0.0953 0.0951 0.0949 0.0949
0.1012 0.1010 0.1007 0.1002 0.0996 0.0989 0.0983 0.0977 0.0972 0.0969 0.0966 0.0965 0.0964
0.1042 0.1040 0.1036 0.1030 0.1022 0.1013 0.1005 0.0998 0.0992 0.0988 0.0985 0.0983 0.0982
0.1077 0.1075 0.1070 0.1062 0.1052 0.1042 0.1032 0.1023 0.1015 0.1010 0.1006 0.1004 0.1003
0.1118 0.1116 0.1109 0.1099 0.1087 0.1074 0.1062 0.1050 0.1041 0.1034 0.1030 0.1027 0.1026
0.1165 0.1162 0.1154 0.1142 0.1128 0.1112 0.1096 0.1083 0.1071 0.1063 0.1057 0.1053 0.1052
0.1219 0.1216 0.1206 0.1191 0.1174 0.1154 0.1136 0.1119 0.1105 0.1094 0.1087 0.1083 0.1082
0.1281 0.1277 0.1265 0.1247 0.1225 0.1202 0.1180 0.1160 0.1143 0.1130 0.1121 0.1116 0.1114
0.1350 0.1345 0.1331 0.1310 0.1284 0.1257 0.1230 0.1206 0.1186 0.1170 0.1160 0.1153 0.1151
