0.0911 0.0911 0.0911 0.0911 0.0911 0.0911 0.0911 0.0911 0.0911 0.0911 0.0911 0.0911 0.0911
0.0909 0.0909 0.0909 0.0909 0.0910 0.0910 0.0911 0.0912 0.0913 0.0914 0.0914 0.0915 0.0915
0.0910 0.0911 0.0911 0.0911 0.0911 0.0912 0.0913 0.0915 0.0916 0.0918 0.0919 0.0921 0.0921
0.0915 0.0915 0.0915 0.0914 0.0914 0.0915 0.0917 0.0919 0.0921 0.0924 0.0927 0.0929 0.0929
0.0923 0.0922 0.0921 0.0920 0.0920 0.0920 0.0922 0.0924 0.0928 0.0932 0.0936 0.0939 0.0939
0.0935 0.0934 0.0932 0.0929 0.0927 0.0927 0.0928 0.0931 0.0936 0.0942 0.0947 0.0950 0.0951
0.0951 0.0950 0.0946 0.0942 0.0938 0.0936 0.0936 0.0940 0.0945 0.0952 0.0959 0.0963 0.0965
0.0972 0.0970 0.0965 0.0958 0.0951 0.0947 0.0946 0.0950 0.0956 0.0965 0.0972 0.0978 0.0980
0.1000 0.0997 0.0989 0.0978 0.0968 0.0961 0.0958 0.0961 0.0968 0.0978 0.0987 0.0994 0.0996
0.1036 0.1031 0.1019 0.1003 0.0988 0.0977 0.0973 0.0975 0.0982 0.0993 0.1004 0.1012 0.1014
0.1081 0.1074 0.1057 0.1035 0.1013 0.0998 0.0990 0.0990 0.0998 0.1010 0.1022 0.1031 0.1034
0.1137 0.1128 0.1104 0.1074 0.1044 0.1022 0.1010 0.1008 0.1016 0.1029 0.1042 0.1052 0.1056
0.1208 0.1195 0.1163 0.1121 0.1080 0.1050 0.1033 0.1029 0.1036 0.1049 0.1064 0.1075 0.1079
0.1293 0.1278 0.1235 0.1178 0.1125 0.1084 0.1060 0.1053 0.1058 0.1071 0.1087 0.1099 0.1105
0.1403 0.1381 0.1323 0.1248 0.1178 0.1124 0.1092 0.1080 0.1083 0.1097 0.1113 0.1126 0.1132
0.1536 0.1507 0.1431 0.1334 0.1242 0.1172 0.1129 0.1111 0.1112 0.1124 0.1142 0.1155 0.1161
0.1700 0.1663 0.1564 0.1437 0.1318 0.1228 0.1172 0.1146 0.1144 0.1156 0.1173 0.1187 0.1193
