0.0852 0.0852 0.0852 0.0852 0.0852 0.0852 0.0852 0.0852 0.0852 0.0852 0.0852 0.0852 0.0852
0.0858 0.0858 0.0857 0.0856 0.0855 0.0854 0.0853 0.0852 0.0851 0.0850 0.0849 0.0849 0.0849
0.0868 0.0867 0.0866 0.0863 0.0861 0.0858 0.0856 0.0853 0.0852 0.0850 0.0850 0.0849 0.0849
0.0880 0.0879 0.0877 0.0874 0.0869 0.0864 0.0860 0.0857 0.0855 0.0853 0.0852 0.0851 0.0851
0.0898 0.0896 0.0893 0.0887 0.0880 0.0874 0.0868 0.0863 0.0860 0.0857 0.0856 0.0856 0.0855
0.0920 0.0918 0.0913 0.0905 0.0895 0.0886 0.0877 0.0871 0.0867 0.0864 0.0862 0.0862 0.0862
0.0947 0.0945 0.0937 0.0926 0.0913 0.0900 0.0889 0.0880 0.0875 0.0872 0.0871 0.0870 0.0870
0.0981 0.0977 0.0967 0.0952 0.0935 0.0918 0.0904 0.0893 0.0886 0.0882 0.0881 0.0880 0.0880
0.1022 0.1017 0.1003 0.0984 0.0962 0.0940 0.0921 0.0907 0.0899 0.0895 0.0893 0.0892 0.0892
0.1069 0.1063 0.1047 0.1022 0.0993 0.0966 0.0942 0.0925 0.0914 0.0909 0.0907 0.0906 0.0907
0.1128 0.1120 0.1098 0.1066 0.1030 0.0996 0.0967 0.0945 0.0932 0.0925 0.0923 0.0922 0.0923
0.1200 0.1190 0.1160 0.1120 0.1075 0.1032 0.0995 0.0969 0.0952 0.0944 0.0941 0.0940 0.0942
0.1283 0.1270 0.1234 0.1183 0.1126 0.1073 0.1029 0.0996 0.0975 0.0965 0.0961 0.0960 0.0960
0.1386 0.1369 0.1323 0.1258 0.1187 0.1122 0.1067 0.1027 0.1002 0.0989 0.0983 0.0982 0.0982
0.1509 0.1488 0.1428 0.1346 0.1258 0.1178 0.1112 0.1063 0.1032 0.1016 0.1009 0.1007 0.1006
0.1658 0.1630 0.1554 0.1451 0.1342 0.1243 0.1163 0.1104 0.1067 0.1046 0.1038 0.1035 0.1033
0.1836 0.1801 0.1706 0.1576 0.1440 0.1318 0.1221 0.1152 0.1106 0.1080 0.1069 0.1065 0.1064
