0.1001 0.1001 0.1001 0.1001 0.1001 0.1001 0.1001 0.1001 0.1001 0.1001 0.1001 0.1001 0.1001
0.0996 0.0996 0.0997 0.0998 0.0999 0.1000 0.1002 0.1004 0.1005 0.1006 0.1008 0.1008 0.1009
0.0995 0.0995 0.0996 0.0997 0.0999 0.1001 0.1004 0.1007 0.1010 0.1013 0.1015 0.1017 0.1017
0.0996 0.0996 0.0997 0.0998 0.1000 0.1004 0.1008 0.1012 0.1017 0.1021 0.1025 0.1027 0.1028
0.0999 0.1000 0.1000 0.1002 0.1004 0.1008 0.1013 0.1019 0.1025 0.1031 0.1036 0.1039 0.1040
0.1007 0.1007 0.1007 0.1008 0.1010 0.1014 0.1019 0.1027 0.1034 0.1042 0.1049 0.1053 0.1054
0.1018 0.1018 0.1017 0.1017 0.1019 0.1022 0.1028 0.1036 0.1046 0.1055 0.1063 0.1069 0.1070
0.1033 0.1033 0.1031 0.1030 0.1030 0.1032 0.1038 0.1047 0.1058 0.1069 0.1079 0.1086 0.1088
0.1054 0.1053 0.1049 0.1046 0.1044 0.1045 0.1051 0.1060 0.1072 0.1085 0.1097 0.1104 0.1107
0.1081 0.1079 0.1073 0.1066 0.1062 0.1061 0.1066 0.1075 0.1088 0.1103 0.1116 0.1125 0.1128
0.1114 0.1110 0.1102 0.1092 0.1083 0.1080 0.1083 0.1092 0.1106 0.1122 0.1137 0.1147 0.1151
0.1154 0.1150 0.1138 0.1123 0.1109 0.1102 0.1103 0.1111 0.1126 0.1143 0.1160 0.1171 0.1175
0.1204 0.1198 0.1181 0.1160 0.1140 0.1128 0.1126 0.1133 0.1148 0.1167 0.1184 0.1197 0.1201
0.1265 0.1257 0.1234 0.1204 0.1177 0.1158 0.1152 0.1158 0.1172 0.1192 0.1211 0.1224 0.1230
0.1338 0.1327 0.1297 0.1257 0.1220 0.1194 0.1182 0.1185 0.1199 0.1220 0.1240 0.1254 0.1260
0.1425 0.1410 0.1371 0.1320 0.1271 0.1235 0.1217 0.1216 0.1229 0.1250 0.1271 0.1287 0.1292
0.1529 0.1510 0.1459 0.1393 0.1330 0.1282 0.1256 0.1251 0.1262 0.1283 0.1305 0.1321 0.1327
