0.0973 0.0973 0.0973 0.0973 0.0973 0.0973 0.0973 0.0973 0.0973 0.0973 0.0973 0.0973 0.0973
0.0969 0.0969 0.0969 0.0970 0.0971 0.0972 0.0973 0.0974 0.0975 0.0976 0.0977 0.0977 0.0977
0.0966 0.0966 0.0967 0.0968 0.0970 0.0972 0.0974 0.0976 0.0977 0.0979 0.0980 0.0981 0.0982
0.0963 0.0964 0.0965 0.0967 0.0969 0.0972 0.0975 0.0978 0.0980 0.0983 0.0985 0.0986 0.0986
0.0962 0.0963 0.0964 0.0967 0.0969 0.0973 0.0976 0.0980 0.0984 0.0987 0.0989 0.0991 0.0992
0.0962 0.0963 0.0964 0.0967 0.0970 0.0974 0.0979 0.0983 0.0988 0.0991 0.0994 0.0996 0.0997
0.0963 0.0964 0.0965 0.0968 0.0972 0.0976 0.0982 0.0987 0.0992 0.0996 0.1000 0.1002 0.1003
0.0965 0.0966 0.0967 0.0970 0.0975 0.0980 0.0985 0.0991 0.0997 0.1002 0.1006 0.1009 0.1010
0.0968 0.0969 0.0971 0.0974 0.0978 0.0984 0.0990 0.0996 0.1003 0.1009 0.1013 0.1016 0.1017
0.0973 0.0974 0.0976 0.0979 0.0983 0.0989 0.0996 0.1002 0.1009 0.1015 0.1020 0.1024 0.1025
0.0980 0.0981 0.0983 0.0986 0.0990 0.0996 0.1003 0.1010 0.1017 0.1024 0.1029 0.1032 0.1033
0.0990 0.0990 0.0992 0.0995 0.0999 0.1004 0.1011 0.1018 0.1026 0.1032 0.1039 0.1042 0.1043
0.1002 0.1002 0.1004 0.1006 0.1010 0.1015 0.1021 0.1028 0.1035 0.1043 0.1049 0.1052 0.1054
0.1017 0.1017 0.1018 0.1020 0.1023 0.1028 0.1033 0.1041 0.1048 0.1055 0.1060 0.1064 0.1065
0.1036 0.1036 0.1036 0.1037 0.1040 0.1044 0.1049 0.1055 0.1061 0.1068 0.1073 0.1078 0.1079
0.1059 0.1059 0.1059 0.1059 0.1059 0.1062 0.1066 0.1071 0.1078 0.1084 0.1089 0.1093 0.1094
0.1087 0.1086 0.1085 0.1084 0.1083 0.1084 0.1086 0.1091 0.1096 0.1101 0.1106 0.1111 0.1112
