0.0955 0.0955 0.0955 0.0955 0.0955 0.0955 0.0955 0.0955 0.0955 0.0955 0.0955 0.0955 0.0955
0.0963 0.0963 0.0962 0.0961 0.0959 0.0958 0.0956 0.0955 0.0953 0.0952 0.0951 0.0951 0.0950
0.0975 0.0974 0.0973 0.0970 0.0967 0.0963 0.0960 0.0957 0.0954 0.0952 0.0951 0.0950 0.0950
0.0992 0.0990 0.0987 0.0983 0.0977 0.0972 0.0966 0.0962 0.0958 0.0956 0.0954 0.0953 0.0953
0.1013 0.1012 0.1007 0.1000 0.0992 0.0983 0.0975 0.0969 0.0964 0.0961 0.0960 0.0959 0.0959
0.1040 0.1038 0.1031 0.1021 0.1010 0.0998 0.0988 0.0980 0.0974 0.0970 0.0968 0.0968 0.0967
0.1074 0.1071 0.1062 0.1048 0.1032 0.1016 0.1003 0.0993 0.0985 0.0982 0.0980 0.0979 0.0979
0.1116 0.1111 0.1099 0.1080 0.1060 0.1039 0.1022 0.1009 0.1000 0.0996 0.0994 0.0993 0.0993
0.1167 0.1161 0.1144 0.1119 0.1092 0.1066 0.1044 0.1028 0.1017 0.1012 0.1010 0.1010 0.1010
0.1228 0.1220 0.1198 0.1167 0.1131 0.1098 0.1070 0.1050 0.1038 0.1031 0.1029 0.1029 0.1029
0.1302 0.1292 0.1263 0.1223 0.1178 0.1136 0.1102 0.1077 0.1062 0.1054 0.1052 0.1052 0.1052
0.1391 0.1378 0.1341 0.1289 0.1232 0.1180 0.1138 0.1108 0.1089 0.1080 0.1077 0.1077 0.1077
0.1498 0.1481 0.1434 0.1368 0.1297 0.1232 0.1180 0.1143 0.1120 0.1110 0.1106 0.1106 0.1106
0.1627 0.1605 0.1544 0.1461 0.1372 0.1292 0.1228 0.1183 0.1156 0.1143 0.1139 0.1138 0.1139
0.1783 0.1754 0.1677 0.1571 0.1460 0.1361 0.1284 0.1230 0.1197 0.1181 0.1175 0.1175 0.1175
0.1968 0.1931 0.1834 0.1701 0.1563 0.1441 0.1348 0.1283 0.1243 0.1224 0.1217 0.1216 0.1216
0.2189 0.2143 0.2020 0.1854 0.1682 0.1534 0.1421 0.1343 0.1296 0.1272 0.1263 0.1261 0.1261
