0.0944 0.0944 0.0944 0.0944 0.0944 0.0944 0.0944 0.0944 0.0944 0.0944 0.0944 0.0944 0.0944
0.0936 0.0936 0.0937 0.0938 0.0940 0.0942 0.0945 0.0947 0.0950 0.0952 0.0953 0.0954 0.0955
0.0930 0.0930 0.0932 0.0934 0.0937 0.0941 0.0946 0.0950 0.0955 0.0959 0.0962 0.0964 0.0964
0.0925 0.0926 0.0928 0.0931 0.0935 0.0941 0.0947 0.0954 0.0961 0.0967 0.0971 0.0974 0.0976
0.0923 0.0923 0.0926 0.0929 0.0934 0.0941 0.0949 0.0958 0.0967 0.0975 0.0982 0.0986 0.0988
0.0922 0.0923 0.0925 0.0929 0.0935 0.0943 0.0952 0.0963 0.0974 0.0984 0.0993 0.0998 0.1000
0.0924 0.0925 0.0927 0.0931 0.0937 0.0945 0.0956 0.0968 0.0982 0.0994 0.1005 0.1011 0.1014
0.0929 0.0930 0.0931 0.0934 0.0940 0.0949 0.0961 0.0975 0.0990 0.1005 0.1017 0.1025 0.1028
0.0938 0.0938 0.0939 0.0941 0.0946 0.0954 0.0967 0.0982 0.0999 0.1016 0.1030 0.1039 0.1043
0.0951 0.0951 0.0949 0.0950 0.0953 0.0961 0.0974 0.0990 0.1009 0.1028 0.1043 0.1054 0.1058
0.0965 0.0964 0.0964 0.0963 0.0964 0.0971 0.0982 0.0999 0.1019 0.1040 0.1058 0.1070 0.1075
0.0986 0.0984 0.0983 0.0979 0.0978 0.0982 0.0993 0.1010 0.1031 0.1053 0.1073 0.1086 0.1092
0.1024 0.1019 0.1009 0.1000 0.0995 0.0996 0.1006 0.1022 0.1044 0.1068 0.1089 0.1103 0.1109
0.1059 0.1054 0.1042 0.1027 0.1017 0.1014 0.1021 0.1037 0.1059 0.1084 0.1106 0.1121 0.1127
0.1109 0.1102 0.1083 0.1062 0.1044 0.1036 0.1039 0.1053 0.1075 0.1101 0.1124 0.1140 0.1146
0.1172 0.1162 0.1136 0.1104 0.1077 0.1062 0.1061 0.1072 0.1094 0.1119 0.1144 0.1161 0.1167
0.1251 0.1237 0.1202 0.1157 0.1118 0.1093 0.1086 0.1095 0.1115 0.1140 0.1165 0.1183 0.1189
