0.1042 0.1042 0.1042 0.1042 0.1042 0.1042 0.1042 0.1042 0.1042 0.1042 0.1042 0.1042 0.1042
0.1056 0.1055 0.1054 0.1052 0.1050 0.1046 0.1043 0.1041 0.1038 0.1036 0.1034 0.1033 0.1033
0.1073 0.1072 0.1069 0.1065 0.1060 0.1054 0.1048 0.1043 0.1038 0.1034 0.1031 0.1030 0.1029
0.1096 0.1094 0.1090 0.1083 0.1074 0.1065 0.1056 0.1048 0.1041 0.1036 0.1032 0.1030 0.1029
0.1125 0.1122 0.1116 0.1105 0.1093 0.1080 0.1067 0.1056 0.1047 0.1040 0.1036 0.1033 0.1032
0.1160 0.1157 0.1148 0.1133 0.1116 0.1099 0.1082 0.1068 0.1056 0.1048 0.1043 0.1040 0.1039
0.1204 0.1199 0.1187 0.1167 0.1145 0.1122 0.1100 0.1082 0.1069 0.1059 0.1053 0.1050 0.1049
0.1256 0.1250 0.1233 0.1208 0.1179 0.1149 0.1122 0.1100 0.1084 0.1073 0.1066 0.1062 0.1061
0.1319 0.1311 0.1289 0.1256 0.1219 0.1182 0.1149 0.1122 0.1102 0.1090 0.1082 0.1078 0.1077
0.1394 0.1384 0.1355 0.1314 0.1267 0.1220 0.1180 0.1147 0.1124 0.1110 0.1101 0.1097 0.1096
0.1483 0.1470 0.1433 0.1381 0.1322 0.1265 0.1215 0.1177 0.1150 0.1133 0.1123 0.1118 0.1117
0.1587 0.1571 0.1525 0.1459 0.1386 0.1316 0.1257 0.1211 0.1179 0.1159 0.1148 0.1143 0.1142
0.1711 0.1691 0.1632 0.1550 0.1460 0.1375 0.1304 0.1249 0.1212 0.1189 0.1177 0.1171 0.1170
0.1857 0.1830 0.1758 0.1657 0.1546 0.1443 0.1357 0.1293 0.1249 0.1223 0.1209 0.1202 0.1201
0.2029 0.1996 0.1905 0.1779 0.1644 0.1519 0.1417 0.1341 0.1290 0.1260 0.1244 0.1237 0.1235
0.2229 0.2188 0.2076 0.1921 0.1756 0.1606 0.1485 0.1396 0.1336 0.1301 0.1283 0.1275 0.1273
0.2464 0.2414 0.2274 0.2084 0.1883 0.1703 0.1560 0.1456 0.1387 0.1347 0.1326 0.1317 0.1314
