0.1068 0.1068 0.1068 0.1068 0.1068 0.1068 0.1068 0.1068 0.1068 0.1068 0.1068 0.1068 0.1068
0.1055 0.1055 0.1057 0.1059 0.1062 0.1065 0.1068 0.1072 0.1076 0.1079 0.1081 0.1083 0.1083
0.1044 0.1045 0.1048 0.1051 0.1056 0.1062 0.1069 0.1076 0.1083 0.1089 0.1093 0.1096 0.1097
0.1035 0.1036 0.1039 0.1044 0.1052 0.1060 0.1070 0.1080 0.1090 0.1099 0.1106 0.1110 0.1112
0.1027 0.1028 0.1032 0.1039 0.1048 0.1059 0.1071 0.1085 0.1098 0.1110 0.1119 0.1125 0.1127
0.1020 0.1022 0.1026 0.1034 0.1045 0.1058 0.1073 0.1090 0.1106 0.1121 0.1133 0.1141 0.1143
0.1016 0.1018 0.1022 0.1031 0.1043 0.1058 0.1076 0.1095 0.1115 0.1133 0.1147 0.1157 0.1160
0.1014 0.1016 0.1021 0.1030 0.1042 0.1059 0.1079 0.1101 0.1124 0.1145 0.1162 0.1173 0.1177
0.1016 0.1017 0.1022 0.1030 0.1043 0.1061 0.1083 0.1108 0.1134 0.1158 0.1177 0.1190 0.1194
0.1019 0.1021 0.1026 0.1034 0.1047 0.1065 0.1088 0.1115 0.1144 0.1171 0.1193 0.1207 0.1212
0.1030 0.1030 0.1033 0.1040 0.1052 0.1070 0.1094 0.1123 0.1154 0.1184 0.1209 0.1225 0.1231
0.1043 0.1044 0.1044 0.1049 0.1060 0.1077 0.1102 0.1132 0.1166 0.1198 0.1225 0.1243 0.1250
0.1059 0.1059 0.1059 0.1062 0.1071 0.1087 0.1112 0.1143 0.1179 0.1213 0.1243 0.1262 0.1269
0.1085 0.1084 0.1081 0.1080 0.1085 0.1099 0.1123 0.1155 0.1192 0.1229 0.1261 0.1281 0.1289
0.1118 0.1115 0.1109 0.1103 0.1104 0.1114 0.1137 0.1169 0.1207 0.1246 0.1279 0.1302 0.1310
0.1160 0.1155 0.1144 0.1132 0.1127 0.1134 0.1153 0.1185 0.1224 0.1264 0.1299 0.1323 0.1332
0.1213 0.1206 0.1189 0.1170 0.1157 0.1157 0.1173 0.1203 0.1243 0.1284 0.1321 0.1346 0.1355
