0.0951 0.0951 0.0951 0.0951 0.0951 0.0951 0.0951 0.0951 0.0951 0.0951 0.0951 0.0951 0.0951
0.0957 0.0957 0.0956 0.0955 0.0954 0.0953 0.0952 0.0951 0.0950 0.0950 0.0949 0.0949 0.0949
0.0966 0.0965 0.0964 0.0963 0.0960 0.0958 0.0955 0.0954 0.0953 0.0951 0.0951 0.0950 0.0950
0.0979 0.0978 0.0977 0.0973 0.0969 0.0965 0.0962 0.0959 0.0957 0.0955 0.0955 0.0955 0.0954
0.0997 0.0996 0.0992 0.0987 0.0981 0.0975 0.0970 0.0966 0.0964 0.0963 0.0962 0.0962 0.0962
0.1020 0.1019 0.1013 0.1006 0.0997 0.0989 0.0981 0.0976 0.0973 0.0971 0.0971 0.0971 0.0971
0.1050 0.1047 0.1040 0.1029 0.1017 0.1005 0.0995 0.0989 0.0985 0.0983 0.0983 0.0984 0.0984
0.1085 0.1082 0.1072 0.1057 0.1041 0.1026 0.1013 0.1004 0.0999 0.0997 0.0998 0.0998 0.0998
0.1130 0.1124 0.1111 0.1092 0.1070 0.1050 0.1033 0.1022 0.1016 0.1014 0.1014 0.1015 0.1016
0.1183 0.1176 0.1158 0.1133 0.1105 0.1079 0.1058 0.1044 0.1036 0.1033 0.1034 0.1035 0.1036
0.1248 0.1240 0.1216 0.1182 0.1146 0.1113 0.1086 0.1068 0.1059 0.1055 0.1056 0.1058 0.1058
0.1327 0.1315 0.1285 0.1242 0.1195 0.1154 0.1120 0.1098 0.1085 0.1081 0.1082 0.1083 0.1084
0.1422 0.1407 0.1368 0.1312 0.1254 0.1200 0.1159 0.1131 0.1116 0.1110 0.1110 0.1112 0.1113
0.1536 0.1517 0.1466 0.1396 0.1321 0.1255 0.1204 0.1170 0.1151 0.1144 0.1143 0.1145 0.1147
0.1674 0.1650 0.1584 0.1495 0.1401 0.1320 0.1256 0.1214 0.1190 0.1181 0.1180 0.1182 0.1183
0.1839 0.1808 0.1725 0.1612 0.1495 0.1393 0.1317 0.1265 0.1236 0.1223 0.1221 0.1223 0.1224
0.2037 0.1997 0.1892 0.1750 0.1604 0.1479 0.1385 0.1323 0.1287 0.1271 0.1268 0.1269 0.1270
