0.0918 0.0918 0.0918 0.0918 0.0918 0.0918 0.0918 0.0918 0.0918 0.0918 0.0918 0.0918 0.0918
0.0919 0.0919 0.0919 0.0919 0.0919 0.0919 0.0919 0.0919 0.0919 0.0919 0.0919 0.0919 0.0919
0.0921 0.0921 0.0921 0.0921 0.0921 0.0921 0.0921 0.0921 0.0921 0.0921 0.0921 0.0921 0.0921
0.0925 0.0925 0.0925 0.0925 0.0925 0.0925 0.0925 0.0925 0.0925 0.0925 0.0925 0.0925 0.0925
0.0931 0.0931 0.0931 0.0931 0.0931 0.0931 0.0931 0.0931 0.0931 0.0931 0.0931 0.0931 0.0931
0.0938 0.0938 0.0938 0.0938 0.0938 0.0938 0.0938 0.0938 0.0938 0.0938 0.0938 0.0938 0.0938
0.0948 0.0948 0.0948 0.0948 0.0948 0.0948 0.0948 0.0948 0.0948 0.0948 0.0948 0.0948 0.0948
0.0960 0.0960 0.0960 0.0960 0.0960 0.0960 0.0960 0.0960 0.0960 0.0960 0.0960 0.0960 0.0960
0.0975 0.0975 0.0975 0.0975 0.0975 0.0975 0.0975 0.0975 0.0975 0.0975 0.0975 0.0975 0.0975
0.0991 0.0991 0.0991 0.0991 0.0991 0.0991 0.0991 0.0991 0.0991 0.0991 0.0991 0.0991 0.0991
0.1011 0.1011 0.1011 0.1011 0.1011 0.1011 0.1011 0.1011 0.1011 0.1011 0.1011 0.1011 0.1011
0.1033 0.1033 0.1033 0.1033 0.1033 0.1033 0.1033 0.1033 0.1033 0.1033 0.1033 0.1033 0.1033
0.1058 0.1058 0.1058 0.1058 0.1058 0.1058 0.1058 0.1058 0.1058 0.1058 0.1058 0.1058 0.1058
0.1088 0.1088 0.1088 0.1088 0.1088 0.1088 0.1088 0.1088 0.1088 0.1088 0.1088 0.1088 0.1088
0.1120 0.1120 0.1120 0.1120 0.1120 0.1120 0.1120 0.1120 0.1120 0.1120 0.1120 0.1120 0.1120
0.1157 0.1157 0.1157 0.1157 0.1157 0.1157 0.1157 0.1157 0.1157 0.1157 0.1157 0.1157 0.1157
0.1197 0.1197 0.1197 0.1197 0.1197 0.1197 0.1197 0.1197 0.1197 0.1197 0.1197 0.1197 0.1197
