0.0872 0.0872 0.0872 0.0872 0.0872 0.0872 0.0872 0.0872 0.0872 0.0872 0.0872 0.0872 0.0872
0.0868 0.0868 0.0869 0.0869 0.0870 0.0871 0.0873 0.0874 0.0875 0.0877 0.0878 0.0878 0.0879
0.0867 0.0867 0.0868 0.0869 0.0870 0.0872 0.0874 0.0877 0.0879 0.0882 0.0884 0.0885 0.0885
0.0867 0.0867 0.0868 0.0869 0.0871 0.0873 0.0876 0.0880 0.0884 0.0888 0.0891 0.0893 0.0893
0.0870 0.0870 0.0870 0.0871 0.0873 0.0876 0.0880 0.0885 0.0890 0.0895 0.0899 0.0902 0.0903
0.0876 0.0876 0.0876 0.0876 0.0877 0.0880 0.0885 0.0890 0.0897 0.0903 0.0909 0.0912 0.0913
0.0884 0.0884 0.0883 0.0883 0.0884 0.0886 0.0890 0.0897 0.0905 0.0912 0.0919 0.0923 0.0925
0.0896 0.0896 0.0894 0.0893 0.0892 0.0893 0.0898 0.0904 0.0913 0.0922 0.0930 0.0935 0.0937
0.0913 0.0912 0.0909 0.0905 0.0903 0.0903 0.0906 0.0913 0.0923 0.0933 0.0942 0.0948 0.0951
0.0933 0.0931 0.0927 0.0921 0.0917 0.0915 0.0917 0.0924 0.0934 0.0945 0.0955 0.0963 0.0966
0.0957 0.0954 0.0951 0.0942 0.0934 0.0929 0.0930 0.0936 0.0946 0.0958 0.0970 0.0978 0.0982
0.0997 0.0992 0.0981 0.0967 0.0955 0.0947 0.0945 0.0950 0.0960 0.0973 0.0985 0.0994 0.0999
0.1040 0.1035 0.1018 0.0998 0.0980 0.0968 0.0963 0.0966 0.0975 0.0989 0.1002 0.1012 0.1016
0.1092 0.1084 0.1064 0.1037 0.1011 0.0993 0.0984 0.0984 0.0993 0.1007 0.1020 0.1030 0.1034
0.1159 0.1148 0.1120 0.1084 0.1048 0.1022 0.1008 0.1005 0.1012 0.1026 0.1040 0.1051 0.1055
0.1243 0.1228 0.1190 0.1141 0.1094 0.1058 0.1037 0.1030 0.1035 0.1048 0.1062 0.1073 0.1077
0.1346 0.1327 0.1277 0.1211 0.1148 0.1100 0.1071 0.1059 0.1061 0.1072 0.1086 0.1098 0.1102
