0.1071 0.1071 0.1071 0.1071 0.1071 0.1071 0.1071 0.1071 0.1071 0.1071 0.1071 0.1071 0.1071
0.1060 0.1060 0.1061 0.1063 0.1065 0.1068 0.1071 0.1074 0.1077 0.1079 0.1081 0.1082 0.1083
0.1051 0.1052 0.1054 0.1057 0.1061 0.1066 0.1071 0.1077 0.1082 0.1086 0.1090 0.1092 0.1092
0.1042 0.1043 0.1046 0.1050 0.1056 0.1063 0.1071 0.1079 0.1087 0.1093 0.1099 0.1102 0.1103
0.1034 0.1035 0.1039 0.1044 0.1052 0.1061 0.1071 0.1082 0.1092 0.1101 0.1108 0.1112 0.1113
0.1027 0.1028 0.1032 0.1039 0.1048 0.1059 0.1072 0.1085 0.1097 0.1108 0.1117 0.1122 0.1124
0.1019 0.1020 0.1027 0.1034 0.1045 0.1058 0.1072 0.1087 0.1102 0.1115 0.1126 0.1133 0.1135
0.1014 0.1016 0.1022 0.1031 0.1043 0.1057 0.1073 0.1090 0.1107 0.1123 0.1135 0.1143 0.1146
0.1011 0.1013 0.1020 0.1029 0.1041 0.1056 0.1074 0.1094 0.1113 0.1130 0.1144 0.1153 0.1157
0.1011 0.1013 0.1019 0.1028 0.1041 0.1057 0.1076 0.1097 0.1119 0.1138 0.1153 0.1164 0.1167
0.1013 0.1015 0.1020 0.1029 0.1042 0.1059 0.1079 0.1102 0.1125 0.1146 0.1163 0.1174 0.1178
0.1017 0.1019 0.1024 0.1032 0.1045 0.1062 0.1083 0.1107 0.1131 0.1154 0.1173 0.1185 0.1189
0.1025 0.1026 0.1030 0.1038 0.1050 0.1067 0.1089 0.1113 0.1139 0.1163 0.1183 0.1196 0.1200
0.1036 0.1037 0.1040 0.1047 0.1058 0.1074 0.1095 0.1121 0.1147 0.1173 0.1193 0.1207 0.1212
0.1052 0.1052 0.1054 0.1059 0.1069 0.1084 0.1104 0.1130 0.1157 0.1183 0.1205 0.1219 0.1225
0.1073 0.1073 0.1073 0.1076 0.1083 0.1096 0.1115 0.1140 0.1168 0.1194 0.1217 0.1232 0.1238
0.1101 0.1100 0.1098 0.1098 0.1101 0.1112 0.1130 0.1153 0.1181 0.1208 0.1231 0.1246 0.1252
