0.0967 0.0967 0.0967 0.0967 0.0967 0.0967 0.0967 0.0967 0.0967 0.0967 0.0967 0.0967 0.0967
0.0957 0.0957 0.0958 0.0960 0.0962 0.0965 0.0968 0.0971 0.0973 0.0976 0.0978 0.0979 0.0979
0.0949 0.0950 0.0952 0.0955 0.0959 0.0964 0.0969 0.0974 0.0980 0.0984 0.0988 0.0990 0.0991
0.0943 0.0944 0.0947 0.0951 0.0956 0.0963 0.0971 0.0979 0.0987 0.0994 0.1000 0.1003 0.1005
0.0939 0.0940 0.0943 0.0948 0.0955 0.0964 0.0974 0.0985 0.0995 0.1005 0.1013 0.1018 0.1019
0.0937 0.0938 0.0942 0.0947 0.0955 0.0966 0.0978 0.0991 0.1004 0.1017 0.1027 0.1033 0.1035
0.0938 0.0939 0.0942 0.0948 0.0957 0.0969 0.0983 0.0999 0.1015 0.1029 0.1041 0.1049 0.1052
0.0941 0.0942 0.0945 0.0951 0.0961 0.0973 0.0989 0.1007 0.1026 0.1043 0.1057 0.1067 0.1070
0.0947 0.0948 0.0951 0.0957 0.0966 0.0979 0.0996 0.1016 0.1038 0.1058 0.1074 0.1085 0.1089
0.0957 0.0957 0.0960 0.0964 0.0973 0.0987 0.1005 0.1027 0.1051 0.1074 0.1092 0.1105 0.1109
0.0970 0.0970 0.0972 0.0975 0.0983 0.0996 0.1015 0.1039 0.1065 0.1090 0.1111 0.1125 0.1131
0.0988 0.0988 0.0987 0.0989 0.0996 0.1008 0.1028 0.1052 0.1081 0.1108 0.1132 0.1148 0.1153
0.1011 0.1010 0.1008 0.1007 0.1011 0.1022 0.1042 0.1068 0.1098 0.1128 0.1153 0.1171 0.1177
0.1040 0.1038 0.1033 0.1029 0.1030 0.1039 0.1058 0.1084 0.1115 0.1149 0.1177 0.1196 0.1202
0.1075 0.1072 0.1064 0.1056 0.1053 0.1059 0.1076 0.1103 0.1137 0.1171 0.1200 0.1221 0.1228
0.1119 0.1113 0.1101 0.1088 0.1080 0.1082 0.1098 0.1124 0.1159 0.1194 0.1227 0.1248 0.1256
0.1170 0.1163 0.1147 0.1127 0.1112 0.1110 0.1122 0.1148 0.1182 0.1220 0.1254 0.1278 0.1286
