0.0895 0.0895 0.0895 0.0895 0.0895 0.0895 0.0895 0.0895 0.0895 0.0895 0.0895 0.0895 0.0895
0.0886 0.0886 0.0887 0.0888 0.0890 0.0892 0.0895 0.0897 0.0899 0.0901 0.0902 0.0903 0.0903
0.0880 0.0880 0.0881 0.0884 0.0887 0.0891 0.0895 0.0899 0.0903 0.0906 0.0908 0.0910 0.0911
0.0873 0.0874 0.0876 0.0880 0.0884 0.0889 0.0895 0.0901 0.0907 0.0912 0.0916 0.0918 0.0919
0.0867 0.0868 0.0871 0.0875 0.0881 0.0888 0.0896 0.0904 0.0911 0.0918 0.0923 0.0926 0.0928
0.0862 0.0863 0.0866 0.0872 0.0879 0.0887 0.0897 0.0907 0.0916 0.0924 0.0931 0.0935 0.0936
0.0858 0.0859 0.0863 0.0869 0.0877 0.0887 0.0898 0.0910 0.0921 0.0931 0.0939 0.0944 0.0945
0.0854 0.0856 0.0860 0.0867 0.0876 0.0887 0.0900 0.0913 0.0926 0.0938 0.0947 0.0953 0.0955
0.0852 0.0854 0.0858 0.0865 0.0876 0.0888 0.0902 0.0917 0.0932 0.0945 0.0955 0.0962 0.0964
0.0851 0.0852 0.0857 0.0865 0.0876 0.0890 0.0905 0.0921 0.0938 0.0952 0.0964 0.0971 0.0974
0.0851 0.0853 0.0858 0.0866 0.0877 0.0892 0.0908 0.0926 0.0944 0.0960 0.0973 0.0981 0.0984
0.0853 0.0854 0.0859 0.0868 0.0880 0.0895 0.0913 0.0932 0.0950 0.0968 0.0982 0.0991 0.0994
0.0856 0.0858 0.0863 0.0871 0.0884 0.0899 0.0918 0.0938 0.0958 0.0976 0.0991 0.1001 0.1004
0.0861 0.0863 0.0868 0.0877 0.0889 0.0905 0.0924 0.0945 0.0966 0.0985 0.1001 0.1012 0.1015
0.0869 0.0871 0.0875 0.0884 0.0896 0.0912 0.0931 0.0953 0.0975 0.0995 0.1012 0.1023 0.1027
0.0879 0.0881 0.0885 0.0893 0.0904 0.0920 0.0939 0.0962 0.0984 0.1006 0.1023 0.1035 0.1039
0.0892 0.0893 0.0897 0.0904 0.0915 0.0930 0.0949 0.0972 0.0995 0.1017 0.1036 0.1048 0.1052
