0.0979 0.0979 0.0979 0.0979 0.0979 0.0979 0.0979 0.0979 0.0979 0.0979 0.0979 0.0979 0.0979
0.0974 0.0974 0.0974 0.0976 0.0977 0.0978 0.0980 0.0982 0.0983 0.0985 0.0986 0.0987 0.0987
0.0971 0.0972 0.0972 0.0974 0.0976 0.0978 0.0982 0.0985 0.0988 0.0991 0.0994 0.0996 0.0996
0.0972 0.0972 0.0973 0.0974 0.0977 0.0980 0.0985 0.0990 0.0995 0.1000 0.1004 0.1007 0.1008
0.0975 0.0976 0.0976 0.0977 0.0979 0.0983 0.0988 0.0995 0.1003 0.1009 0.1015 0.1019 0.1021
0.0982 0.0982 0.0982 0.0982 0.0984 0.0987 0.0994 0.1002 0.1012 0.1021 0.1028 0.1034 0.1036
0.0993 0.0992 0.0991 0.0990 0.0991 0.0994 0.1001 0.1010 0.1021 0.1033 0.1043 0.1049 0.1052
0.1009 0.1008 0.1005 0.1001 0.1000 0.1003 0.1009 0.1020 0.1033 0.1047 0.1059 0.1067 0.1070
0.1031 0.1029 0.1023 0.1017 0.1013 0.1013 0.1020 0.1031 0.1046 0.1062 0.1077 0.1086 0.1090
0.1060 0.1057 0.1048 0.1037 0.1029 0.1027 0.1032 0.1044 0.1060 0.1079 0.1095 0.1107 0.1111
0.1098 0.1092 0.1079 0.1062 0.1048 0.1043 0.1046 0.1058 0.1077 0.1097 0.1116 0.1129 0.1133
0.1146 0.1139 0.1118 0.1093 0.1073 0.1062 0.1064 0.1075 0.1094 0.1117 0.1138 0.1153 0.1158
0.1207 0.1196 0.1168 0.1133 0.1104 0.1086 0.1083 0.1094 0.1114 0.1139 0.1162 0.1179 0.1185
0.1284 0.1268 0.1230 0.1182 0.1140 0.1114 0.1107 0.1116 0.1137 0.1163 0.1189 0.1207 0.1214
0.1378 0.1357 0.1307 0.1242 0.1185 0.1148 0.1135 0.1141 0.1162 0.1190 0.1218 0.1238 0.1246
0.1498 0.1472 0.1401 0.1315 0.1239 0.1189 0.1167 0.1171 0.1191 0.1220 0.1250 0.1272 0.1280
0.1648 0.1612 0.1519 0.1405 0.1305 0.1237 0.1206 0.1205 0.1224 0.1254 0.1286 0.1308 0.1317
