0.0936 0.0936 0.0936 0.0936 0.0936 0.0936 0.0936 0.0936 0.0936 0.0936 0.0936 0.0936 0.0936
0.0928 0.0929 0.0929 0.0930 0.0932 0.0934 0.0936 0.0938 0.0940 0.0942 0.0943 0.0944 0.0944
0.0923 0.0923 0.0924 0.0926 0.0929 0.0933 0.0936 0.0940 0.0944 0.0947 0.0949 0.0951 0.0951
0.0917 0.0918 0.0920 0.0923 0.0927 0.0931 0.0937 0.0943 0.0948 0.0953 0.0956 0.0959 0.0960
0.0913 0.0914 0.0916 0.0920 0.0925 0.0931 0.0938 0.0946 0.0953 0.0959 0.0964 0.0967 0.0968
0.0910 0.0911 0.0913 0.0918 0.0924 0.0931 0.0939 0.0948 0.0957 0.0965 0.0971 0.0976 0.0977
0.0912 0.0913 0.0913 0.0917 0.0923 0.0932 0.0941 0.0952 0.0962 0.0972 0.0979 0.0985 0.0987
0.0915 0.0916 0.0913 0.0918 0.0924 0.0933 0.0944 0.0956 0.0968 0.0979 0.0987 0.0994 0.0997
0.0918 0.0919 0.0915 0.0920 0.0927 0.0936 0.0947 0.0960 0.0974 0.0986 0.0996 0.1003 0.1006
0.0918 0.0919 0.0920 0.0924 0.0930 0.0940 0.0951 0.0965 0.0980 0.0994 0.1004 0.1012 0.1015
0.0924 0.0924 0.0926 0.0930 0.0936 0.0945 0.0957 0.0971 0.0987 0.1002 0.1014 0.1022 0.1025
0.0935 0.0935 0.0936 0.0939 0.0944 0.0952 0.0964 0.0979 0.0995 0.1011 0.1024 0.1032 0.1035
0.0950 0.0950 0.0950 0.0951 0.0954 0.0962 0.0973 0.0987 0.1004 0.1020 0.1034 0.1043 0.1046
0.0970 0.0969 0.0968 0.0967 0.0968 0.0974 0.0984 0.0998 0.1014 0.1031 0.1046 0.1056 0.1059
0.0996 0.0994 0.0990 0.0987 0.0986 0.0989 0.0997 0.1010 0.1026 0.1043 0.1058 0.1068 0.1072
0.1029 0.1027 0.1020 0.1013 0.1008 0.1008 0.1014 0.1025 0.1041 0.1057 0.1072 0.1083 0.1086
0.1071 0.1067 0.1057 0.1045 0.1035 0.1031 0.1033 0.1043 0.1057 0.1073 0.1088 0.1099 0.1102
