0.0932 0.0932 0.0932 0.0932 0.0932 0.0932 0.0932 0.0932 0.0932 0.0932 0.0932 0.0932 0.0932
0.0929 0.0929 0.0929 0.0930 0.0930 0.0931 0.0932 0.0933 0.0934 0.0935 0.0936 0.0936 0.0936
0.0928 0.0928 0.0929 0.0929 0.0931 0.0932 0.0934 0.0936 0.0937 0.0939 0.0940 0.0941 0.0941
0.0928 0.0929 0.0929 0.0930 0.0932 0.0934 0.0937 0.0939 0.0942 0.0944 0.0946 0.0947 0.0948
0.0931 0.0931 0.0932 0.0933 0.0935 0.0938 0.0941 0.0944 0.0948 0.0951 0.0953 0.0955 0.0955
0.0936 0.0936 0.0937 0.0938 0.0940 0.0943 0.0946 0.0950 0.0954 0.0958 0.0961 0.0963 0.0964
0.0943 0.0943 0.0944 0.0944 0.0946 0.0949 0.0953 0.0957 0.0962 0.0967 0.0970 0.0973 0.0974
0.0953 0.0953 0.0953 0.0954 0.0955 0.0957 0.0961 0.0966 0.0971 0.0976 0.0981 0.0984 0.0985
0.0966 0.0966 0.0965 0.0965 0.0966 0.0968 0.0971 0.0976 0.0982 0.0987 0.0992 0.0996 0.0997
0.0983 0.0982 0.0981 0.0980 0.0980 0.0981 0.0983 0.0988 0.0994 0.1000 0.1005 0.1009 0.1010
0.1004 0.1003 0.1001 0.0998 0.0996 0.0996 0.0998 0.1002 0.1007 0.1014 0.1019 0.1023 0.1025
0.1030 0.1029 0.1025 0.1021 0.1017 0.1014 0.1015 0.1018 0.1023 0.1030 0.1035 0.1040 0.1041
0.1061 0.1059 0.1054 0.1048 0.1041 0.1036 0.1035 0.1036 0.1041 0.1047 0.1053 0.1057 0.1059
0.1099 0.1096 0.1089 0.1080 0.1070 0.1062 0.1058 0.1058 0.1061 0.1067 0.1073 0.1077 0.1078
0.1144 0.1141 0.1131 0.1118 0.1104 0.1092 0.1085 0.1082 0.1084 0.1089 0.1095 0.1099 0.1100
0.1198 0.1193 0.1180 0.1162 0.1144 0.1127 0.1116 0.1111 0.1111 0.1114 0.1119 0.1123 0.1124
0.1262 0.1256 0.1239 0.1215 0.1190 0.1168 0.1152 0.1143 0.1141 0.1142 0.1146 0.1150 0.1151
