0.0916 0.0916 0.0916 0.0916 0.0916 0.0916 0.0916 0.0916 0.0916 0.0916 0.0916 0.0916 0.0916
0.0920 0.0920 0.0919 0.0919 0.0919 0.0918 0.0918 0.0917 0.0917 0.0916 0.0916 0.0916 0.0916
0.0925 0.0925 0.0924 0.0924 0.0923 0.0922 0.0921 0.0920 0.0919 0.0918 0.0918 0.0917 0.0917
0.0933 0.0933 0.0932 0.0931 0.0929 0.0928 0.0926 0.0924 0.0923 0.0922 0.0921 0.0921 0.0921
0.0944 0.0943 0.0942 0.0940 0.0938 0.0936 0.0933 0.0931 0.0929 0.0928 0.0927 0.0927 0.0927
0.0957 0.0956 0.0955 0.0952 0.0949 0.0947 0.0943 0.0941 0.0938 0.0936 0.0935 0.0934 0.0934
0.0973 0.0972 0.0970 0.0967 0.0964 0.0960 0.0956 0.0952 0.0949 0.0946 0.0944 0.0943 0.0943
0.0993 0.0992 0.0989 0.0986 0.0981 0.0976 0.0971 0.0966 0.0962 0.0959 0.0956 0.0955 0.0955
0.1016 0.1015 0.1012 0.1007 0.1001 0.0995 0.0989 0.0983 0.0978 0.0974 0.0971 0.0969 0.0969
0.1045 0.1043 0.1039 0.1033 0.1026 0.1017 0.1010 0.1002 0.0996 0.0991 0.0988 0.0986 0.0985
0.1077 0.1076 0.1071 0.1063 0.1054 0.1044 0.1034 0.1025 0.1017 0.1011 0.1007 0.1005 0.1004
0.1116 0.1114 0.1107 0.1098 0.1086 0.1074 0.1062 0.1051 0.1042 0.1034 0.1029 0.1026 0.1025
0.1160 0.1157 0.1149 0.1138 0.1124 0.1109 0.1094 0.1080 0.1069 0.1061 0.1054 0.1051 0.1049
0.1209 0.1206 0.1197 0.1184 0.1167 0.1148 0.1130 0.1114 0.1100 0.1090 0.1083 0.1078 0.1077
0.1266 0.1262 0.1251 0.1235 0.1215 0.1193 0.1172 0.1152 0.1136 0.1123 0.1114 0.1109 0.1107
0.1330 0.1326 0.1313 0.1293 0.1270 0.1243 0.1217 0.1195 0.1175 0.1160 0.1149 0.1143 0.1141
0.1402 0.1397 0.1382 0.1358 0.1329 0.1299 0.1270 0.1242 0.1218 0.1201 0.1189 0.1181 0.1179
