0.1024 0.1024 0.1024 0.1024 0.1024 0.1024 0.1024 0.1024 0.1024 0.1024 0.1024 0.1024 0.1024
0.1033 0.1033 0.1032 0.1031 0.1030 0.1027 0.1026 0.1024 0.1022 0.1021 0.1020 0.1019 0.1019
0.1046 0.1046 0.1043 0.1040 0.1038 0.1034 0.1030 0.1027 0.1024 0.1022 0.1020 0.1019 0.1019
0.1064 0.1062 0.1059 0.1055 0.1049 0.1043 0.1038 0.1032 0.1029 0.1026 0.1024 0.1022 0.1022
0.1086 0.1085 0.1080 0.1073 0.1064 0.1056 0.1048 0.1041 0.1036 0.1032 0.1030 0.1029 0.1029
0.1115 0.1113 0.1107 0.1096 0.1085 0.1072 0.1061 0.1053 0.1047 0.1043 0.1040 0.1039 0.1038
0.1152 0.1148 0.1138 0.1125 0.1109 0.1093 0.1079 0.1068 0.1060 0.1056 0.1053 0.1051 0.1051
0.1196 0.1191 0.1178 0.1160 0.1138 0.1118 0.1100 0.1086 0.1077 0.1072 0.1069 0.1068 0.1067
0.1249 0.1243 0.1226 0.1201 0.1174 0.1147 0.1125 0.1109 0.1097 0.1091 0.1088 0.1088 0.1087
0.1313 0.1305 0.1282 0.1251 0.1215 0.1183 0.1155 0.1135 0.1121 0.1114 0.1111 0.1110 0.1110
0.1390 0.1379 0.1350 0.1310 0.1265 0.1223 0.1189 0.1165 0.1149 0.1141 0.1138 0.1137 0.1137
0.1481 0.1468 0.1431 0.1379 0.1323 0.1271 0.1230 0.1199 0.1181 0.1172 0.1168 0.1167 0.1167
0.1591 0.1573 0.1526 0.1461 0.1390 0.1326 0.1276 0.1240 0.1218 0.1207 0.1202 0.1202 0.1202
0.1721 0.1699 0.1639 0.1556 0.1469 0.1390 0.1329 0.1286 0.1260 0.1247 0.1242 0.1241 0.1241
0.1875 0.1848 0.1772 0.1668 0.1560 0.1464 0.1390 0.1338 0.1307 0.1292 0.1286 0.1285 0.1285
0.2058 0.2023 0.1928 0.1798 0.1664 0.1548 0.1458 0.1397 0.1361 0.1342 0.1335 0.1334 0.1334
0.2275 0.2230 0.2111 0.1950 0.1785 0.1644 0.1536 0.1464 0.1420 0.1399 0.1391 0.1390 0.1390
