0.1016 0.1016 0.1016 0.1016 0.1016 0.1016 0.1016 0.1016 0.1016 0.1016 0.1016 0.1016 0.1016
0.1031 0.1031 0.1029 0.1027 0.1024 0.1021 0.1018 0.1015 0.1012 0.1009 0.1007 0.1006 0.1006
0.1050 0.1049 0.1046 0.1041 0.1035 0.1029 0.1023 0.1017 0.1011 0.1007 0.1004 0.1002 0.1001
0.1074 0.1073 0.1068 0.1060 0.1051 0.1041 0.1031 0.1022 0.1014 0.1008 0.1004 0.1002 0.1001
0.1105 0.1103 0.1095 0.1084 0.1071 0.1056 0.1042 0.1030 0.1020 0.1013 0.1008 0.1005 0.1004
0.1143 0.1140 0.1129 0.1114 0.1096 0.1076 0.1058 0.1042 0.1029 0.1021 0.1015 0.1011 0.1010
0.1189 0.1185 0.1171 0.1150 0.1126 0.1101 0.1077 0.1058 0.1042 0.1032 0.1025 0.1021 0.1020
0.1245 0.1239 0.1221 0.1194 0.1162 0.1130 0.1101 0.1076 0.1058 0.1046 0.1038 0.1034 0.1033
0.1312 0.1304 0.1280 0.1245 0.1205 0.1165 0.1129 0.1100 0.1078 0.1064 0.1055 0.1050 0.1049
0.1392 0.1381 0.1351 0.1306 0.1256 0.1206 0.1162 0.1126 0.1101 0.1084 0.1074 0.1070 0.1068
0.1487 0.1473 0.1434 0.1378 0.1315 0.1254 0.1200 0.1158 0.1128 0.1109 0.1098 0.1092 0.1091
0.1600 0.1582 0.1533 0.1463 0.1384 0.1309 0.1245 0.1195 0.1159 0.1137 0.1125 0.1119 0.1117
0.1734 0.1712 0.1649 0.1562 0.1465 0.1373 0.1296 0.1236 0.1195 0.1169 0.1155 0.1149 0.1147
0.1893 0.1865 0.1787 0.1677 0.1558 0.1447 0.1354 0.1284 0.1235 0.1206 0.1190 0.1182 0.1181
0.2081 0.2046 0.1948 0.1812 0.1666 0.1531 0.1421 0.1338 0.1281 0.1247 0.1228 0.1220 0.1218
0.2303 0.2258 0.2136 0.1968 0.1789 0.1627 0.1495 0.1398 0.1332 0.1293 0.1272 0.1262 0.1260
0.2564 0.2508 0.2357 0.2149 0.1931 0.1735 0.1579 0.1466 0.1390 0.1344 0.1320 0.1309 0.1306
