0.0977 0.0977 0.0977 0.0977 0.0977 0.0977 0.0977 0.0977 0.0977 0.0977 0.0977 0.0977 0.0977
0.0984 0.0984 0.0983 0.0982 0.0981 0.0980 0.0979 0.0978 0.0977 0.0976 0.0975 0.0975 0.0975
0.0993 0.0992 0.0991 0.0989 0.0987 0.0985 0.0982 0.0980 0.0979 0.0977 0.0976 0.0976 0.0976
0.1005 0.1005 0.1002 0.0999 0.0996 0.0992 0.0988 0.0985 0.0983 0.0981 0.0980 0.0979 0.0979
0.1022 0.1021 0.1018 0.1013 0.1007 0.1002 0.0997 0.0992 0.0989 0.0987 0.0986 0.0985 0.0985
0.1044 0.1042 0.1038 0.1031 0.1023 0.1015 0.1007 0.1002 0.0998 0.0995 0.0993 0.0993 0.0993
0.1071 0.1068 0.1062 0.1053 0.1042 0.1031 0.1021 0.1014 0.1008 0.1005 0.1004 0.1003 0.1003
0.1103 0.1100 0.1092 0.1079 0.1065 0.1050 0.1038 0.1028 0.1022 0.1018 0.1016 0.1015 0.1015
0.1143 0.1139 0.1127 0.1111 0.1092 0.1073 0.1058 0.1045 0.1037 0.1033 0.1031 0.1030 0.1030
0.1190 0.1185 0.1170 0.1149 0.1125 0.1101 0.1081 0.1066 0.1056 0.1050 0.1047 0.1047 0.1047
0.1247 0.1240 0.1221 0.1193 0.1163 0.1133 0.1108 0.1089 0.1076 0.1070 0.1067 0.1066 0.1066
0.1312 0.1304 0.1280 0.1246 0.1207 0.1170 0.1139 0.1116 0.1100 0.1092 0.1088 0.1087 0.1087
0.1390 0.1380 0.1350 0.1307 0.1259 0.1213 0.1175 0.1146 0.1127 0.1117 0.1112 0.1111 0.1111
0.1482 0.1469 0.1431 0.1377 0.1318 0.1262 0.1215 0.1180 0.1158 0.1145 0.1139 0.1137 0.1137
0.1591 0.1572 0.1526 0.1459 0.1386 0.1318 0.1261 0.1219 0.1191 0.1176 0.1169 0.1166 0.1165
0.1716 0.1694 0.1635 0.1554 0.1464 0.1381 0.1313 0.1262 0.1229 0.1210 0.1201 0.1198 0.1197
0.1862 0.1835 0.1763 0.1662 0.1552 0.1452 0.1370 0.1310 0.1271 0.1248 0.1237 0.1232 0.1231
