0.0918 0.0918 0.0918 0.0918 0.0918 0.0918 0.0918 0.0918 0.0918 0.0918 0.0918 0.0918 0.0918
0.0920 0.0920 0.0919 0.0919 0.0919 0.0919 0.0919 0.0919 0.0919 0.0919 0.0919 0.0919 0.0919
0.0923 0.0923 0.0922 0.0922 0.0922 0.0922 0.0922 0.0922 0.0922 0.0921 0.0922 0.0922 0.0922
0.0927 0.0927 0.0927 0.0926 0.0926 0.0926 0.0926 0.0925 0.0925 0.0925 0.0925 0.0926 0.0926
0.0933 0.0933 0.0933 0.0933 0.0932 0.0932 0.0931 0.0931 0.0931 0.0931 0.0931 0.0931 0.0931
0.0942 0.0942 0.0942 0.0941 0.0940 0.0940 0.0939 0.0938 0.0938 0.0938 0.0938 0.0938 0.0938
0.0954 0.0954 0.0953 0.0952 0.0950 0.0949 0.0948 0.0947 0.0947 0.0946 0.0946 0.0946 0.0946
0.0968 0.0967 0.0966 0.0965 0.0963 0.0961 0.0959 0.0958 0.0957 0.0956 0.0956 0.0956 0.0956
0.0985 0.0984 0.0983 0.0981 0.0978 0.0975 0.0973 0.0971 0.0970 0.0969 0.0968 0.0968 0.0968
0.1006 0.1005 0.1003 0.1000 0.0996 0.0992 0.0989 0.0986 0.0984 0.0983 0.0982 0.0981 0.0981
0.1030 0.1029 0.1026 0.1022 0.1017 0.1012 0.1008 0.1004 0.1001 0.0999 0.0998 0.0997 0.0997
0.1059 0.1056 0.1053 0.1048 0.1042 0.1035 0.1029 0.1024 0.1020 0.1018 0.1016 0.1015 0.1015
0.1091 0.1090 0.1086 0.1078 0.1070 0.1062 0.1054 0.1047 0.1042 0.1039 0.1036 0.1035 0.1034
0.1130 0.1128 0.1121 0.1113 0.1104 0.1093 0.1083 0.1074 0.1067 0.1063 0.1060 0.1058 0.1056
0.1174 0.1171 0.1164 0.1154 0.1141 0.1128 0.1115 0.1105 0.1095 0.1089 0.1085 0.1083 0.1082
0.1223 0.1220 0.1211 0.1199 0.1183 0.1166 0.1152 0.1138 0.1127 0.1119 0.1114 0.1111 0.1110
0.1280 0.1276 0.1266 0.1250 0.1231 0.1211 0.1192 0.1176 0.1162 0.1153 0.1145 0.1142 0.1140
