0.1007 0.1007 0.1007 0.1007 0.1007 0.1007 0.1007 0.1007 0.1007 0.1007 0.1007 0.1007 0.1007
0.1016 0.1016 0.1015 0.1014 0.1012 0.1011 0.1009 0.1007 0.1006 0.1005 0.1004 0.1004 0.1004
0.1028 0.1027 0.1026 0.1023 0.1020 0.1016 0.1013 0.1010 0.1007 0.1006 0.1004 0.1004 0.1003
0.1044 0.1043 0.1040 0.1036 0.1030 0.1025 0.1020 0.1015 0.1012 0.1009 0.1008 0.1007 0.1006
0.1065 0.1064 0.1059 0.1053 0.1045 0.1036 0.1029 0.1023 0.1018 0.1015 0.1014 0.1013 0.1013
0.1093 0.1091 0.1084 0.1074 0.1063 0.1052 0.1042 0.1034 0.1028 0.1024 0.1022 0.1022 0.1021
0.1126 0.1123 0.1114 0.1101 0.1085 0.1070 0.1057 0.1047 0.1040 0.1036 0.1034 0.1033 0.1033
0.1168 0.1163 0.1151 0.1133 0.1113 0.1093 0.1076 0.1063 0.1055 0.1050 0.1048 0.1047 0.1047
0.1218 0.1212 0.1196 0.1172 0.1146 0.1120 0.1099 0.1082 0.1072 0.1067 0.1065 0.1064 0.1064
0.1279 0.1271 0.1249 0.1219 0.1184 0.1152 0.1125 0.1105 0.1093 0.1086 0.1084 0.1084 0.1084
0.1351 0.1341 0.1313 0.1273 0.1230 0.1189 0.1156 0.1131 0.1116 0.1109 0.1106 0.1106 0.1106
0.1437 0.1424 0.1389 0.1338 0.1284 0.1233 0.1191 0.1162 0.1144 0.1135 0.1132 0.1131 0.1131
0.1540 0.1524 0.1478 0.1414 0.1346 0.1283 0.1232 0.1196 0.1174 0.1163 0.1160 0.1159 0.1160
0.1662 0.1641 0.1583 0.1503 0.1418 0.1340 0.1279 0.1235 0.1209 0.1196 0.1191 0.1191 0.1191
0.1806 0.1780 0.1707 0.1607 0.1502 0.1407 0.1332 0.1280 0.1248 0.1232 0.1227 0.1226 0.1226
0.1977 0.1943 0.1852 0.1728 0.1598 0.1482 0.1392 0.1329 0.1291 0.1272 0.1265 0.1264 0.1264
0.2178 0.2136 0.2022 0.1868 0.1708 0.1568 0.1459 0.1385 0.1340 0.1317 0.1308 0.1306 0.1306
