0.1100 0.1100 0.1100 0.1100 0.1100 0.1100 0.1100 0.1100 0.1100 0.1100 0.1100 0.1100 0.1100
0.1086 0.1086 0.1087 0.1089 0.1093 0.1096 0.1100 0.1104 0.1107 0.1111 0.1113 0.1115 0.1115
0.1075 0.1075 0.1078 0.1082 0.1087 0.1093 0.1100 0.1108 0.1115 0.1121 0.1125 0.1129 0.1130
0.1065 0.1067 0.1070 0.1075 0.1082 0.1092 0.1102 0.1113 0.1123 0.1133 0.1140 0.1145 0.1147
0.1058 0.1059 0.1064 0.1070 0.1079 0.1091 0.1104 0.1118 0.1133 0.1145 0.1155 0.1162 0.1165
0.1053 0.1053 0.1058 0.1066 0.1077 0.1091 0.1107 0.1125 0.1143 0.1158 0.1172 0.1180 0.1183
0.1050 0.1051 0.1056 0.1064 0.1076 0.1092 0.1111 0.1132 0.1153 0.1173 0.1189 0.1199 0.1203
0.1049 0.1050 0.1055 0.1064 0.1076 0.1093 0.1115 0.1140 0.1165 0.1188 0.1207 0.1219 0.1224
0.1051 0.1053 0.1057 0.1065 0.1079 0.1097 0.1121 0.1148 0.1176 0.1204 0.1226 0.1241 0.1246
0.1057 0.1058 0.1062 0.1070 0.1082 0.1102 0.1127 0.1158 0.1190 0.1220 0.1246 0.1263 0.1269
0.1067 0.1068 0.1070 0.1076 0.1089 0.1108 0.1136 0.1169 0.1204 0.1238 0.1267 0.1286 0.1293
0.1081 0.1081 0.1082 0.1086 0.1097 0.1117 0.1145 0.1180 0.1219 0.1257 0.1289 0.1311 0.1318
0.1100 0.1100 0.1099 0.1100 0.1109 0.1128 0.1156 0.1194 0.1236 0.1277 0.1313 0.1337 0.1345
0.1125 0.1124 0.1120 0.1118 0.1124 0.1141 0.1169 0.1208 0.1254 0.1298 0.1338 0.1363 0.1373
0.1158 0.1154 0.1147 0.1141 0.1143 0.1158 0.1186 0.1226 0.1273 0.1322 0.1363 0.1392 0.1403
0.1197 0.1193 0.1181 0.1169 0.1166 0.1177 0.1204 0.1245 0.1295 0.1347 0.1392 0.1422 0.1434
0.1248 0.1241 0.1223 0.1205 0.1194 0.1201 0.1226 0.1267 0.1319 0.1374 0.1422 0.1455 0.1467
