0.0961 0.0961 0.0961 0.0961 0.0961 0.0961 0.0961 0.0961 0.0961 0.0961 0.0961 0.0961 0.0961
0.0961 0.0961 0.0961 0.0961 0.0961 0.0961 0.0961 0.0961 0.0961 0.0961 0.0961 0.0961 0.0961
0.0962 0.0962 0.0962 0.0962 0.0962 0.0962 0.0962 0.0962 0.0962 0.0962 0.0962 0.0962 0.0962
0.0962 0.0962 0.0962 0.0962 0.0962 0.0962 0.0962 0.0962 0.0962 0.0962 0.0962 0.0962 0.0962
0.0962 0.0962 0.0962 0.0962 0.0962 0.0962 0.0962 0.0962 0.0962 0.0962 0.0962 0.0962 0.0962
0.0962 0.0962 0.0962 0.0962 0.0962 0.0962 0.0962 0.0962 0.0962 0.0962 0.0962 0.0962 0.0962
0.0963 0.0963 0.0963 0.0963 0.0963 0.0963 0.0963 0.0963 0.0963 0.0963 0.0963 0.0963 0.0963
0.0964 0.0964 0.0964 0.0964 0.0964 0.0964 0.0964 0.0964 0.0964 0.0964 0.0964 0.0964 0.0964
0.0965 0.0965 0.0965 0.0965 0.0965 0.0965 0.0965 0.0965 0.0965 0.0965 0.0965 0.0965 0.0965
0.0967 0.0967 0.0967 0.0967 0.0967 0.0967 0.0967 0.0967 0.0967 0.0967 0.0967 0.0967 0.0967
0.0969 0.0969 0.0969 0.0969 0.0969 0.0969 0.0969 0.0969 0.0969 0.0969 0.0969 0.0969 0.0969
0.0973 0.0973 0.0973 0.0973 0.0973 0.0973 0.0973 0.0973 0.0973 0.0973 0.0973 0.0973 0.0973
0.0977 0.0977 0.0977 0.0977 0.0977 0.0977 0.0977 0.0977 0.0977 0.0977 0.0977 0.0977 0.0977
0.0982 0.0982 0.0982 0.0982 0.0982 0.0982 0.0982 0.0982 0.0982 0.0982 0.0982 0.0982 0.0982
0.0989 0.0989 0.0989 0.0989 0.0989 0.0989 0.0989 0.0989 0.0989 0.0989 0.0989 0.0989 0.0989
0.0996 0.0996 0.0996 0.0996 0.0996 0.0996 0.0996 0.0996 0.0996 0.0996 0.0996 0.0996 0.0996
0.1006 0.1006 0.1006 0.1006 0.1006 0.1006 0.1006 0.1006 0.1006 0.1006 0.1006 0.1006 0.1006
