0.0921 0.0921 0.0921 0.0921 0.0921 0.0921 0.0921 0.0921 0.0921 0.0921 0.0921 0.0921 0.0921
0.0921 0.0921 0.0921 0.0921 0.0921 0.0921 0.0921 0.0921 0.0921 0.0921 0.0921 0.0921 0.0921
0.0921 0.0921 0.0921 0.0921 0.0921 0.0921 0.0921 0.0921 0.0921 0.0921 0.0921 0.0921 0.0921
0.0923 0.0923 0.0923 0.0923 0.0923 0.0923 0.0923 0.0923 0.0923 0.0923 0.0923 0.0923 0.0923
0.0926 0.0926 0.0926 0.0926 0.0926 0.0926 0.0926 0.0926 0.0926 0.0926 0.0926 0.0926 0.0926
0.0930 0.0930 0.0930 0.0930 0.0930 0.0930 0.0930 0.0930 0.0930 0.0930 0.0930 0.0930 0.0930
0.0935 0.0935 0.0935 0.0935 0.0935 0.0935 0.0935 0.0935 0.0935 0.0935 0.0935 0.0935 0.0935
0.0941 0.0941 0.0941 0.0941 0.0941 0.0941 0.0941 0.0941 0.0941 0.0941 0.0941 0.0941 0.0941
0.0949 0.0949 0.0949 0.0949 0.0949 0.0949 0.0949 0.0949 0.0949 0.0949 0.0949 0.0949 0.0949
0.0958 0.0958 0.0958 0.0958 0.0958 0.0958 0.0958 0.0958 0.0958 0.0958 0.0958 0.0958 0.0958
0.0969 0.0969 0.0969 0.0969 0.0969 0.0969 0.0969 0.0969 0.0969 0.0969 0.0969 0.0969 0.0969
0.0983 0.0983 0.0983 0.0983 0.0983 0.0983 0.0983 0.0983 0.0983 0.0983 0.0983 0.0983 0.0983
0.0998 0.0998 0.0998 0.0998 0.0998 0.0998 0.0998 0.0998 0.0998 0.0998 0.0998 0.0998 0.0998
0.1017 0.1017 0.1017 0.1017 0.1017 0.1017 0.1017 0.1017 0.1017 0.1017 0.1017 0.1017 0.1017
0.1039 0.1039 0.1039 0.1039 0.1039 0.1039 0.1039 0.1039 0.1039 0.1039 0.1039 0.1039 0.1039
0.1065 0.1065 0.1065 0.1065 0.1065 0.1065 0.1065 0.1065 0.1065 0.1065 0.1065 0.1065 0.1065
0.1095 0.1095 0.1095 0.1095 0.1095 0.1095 0.1095 0.1095 0.1095 0.1095 0.1095 0.1095 0.1095
