0.1184 0.1184 0.1184 0.1184 0.1184 0.1184 0.1184 0.1184 0.1184 0.1184 0.1184 0.1184 0.1184
0.1169 0.1170 0.1171 0.1173 0.1176 0.1180 0.1184 0.1187 0.1191 0.1194 0.1197 0.1198 0.1199
0.1156 0.1157 0.1160 0.1164 0.1169 0.1176 0.1183 0.1190 0.1197 0.1203 0.1207 0.1210 0.1211
0.1143 0.1145 0.1148 0.1154 0.1162 0.1172 0.1182 0.1192 0.1202 0.1211 0.1218 0.1222 0.1223
0.1130 0.1132 0.1137 0.1144 0.1155 0.1167 0.1180 0.1194 0.1208 0.1219 0.1228 0.1234 0.1236
0.1118 0.1120 0.1126 0.1135 0.1147 0.1162 0.1179 0.1196 0.1212 0.1227 0.1238 0.1245 0.1248
0.1106 0.1108 0.1115 0.1126 0.1140 0.1157 0.1177 0.1197 0.1216 0.1234 0.1247 0.1256 0.1259
0.1096 0.1098 0.1105 0.1117 0.1133 0.1152 0.1175 0.1198 0.1221 0.1241 0.1257 0.1267 0.1271
0.1086 0.1089 0.1096 0.1109 0.1126 0.1148 0.1173 0.1198 0.1224 0.1247 0.1265 0.1277 0.1281
0.1077 0.1079 0.1088 0.1102 0.1120 0.1144 0.1170 0.1199 0.1227 0.1253 0.1273 0.1286 0.1291
0.1070 0.1073 0.1082 0.1096 0.1115 0.1140 0.1169 0.1200 0.1231 0.1259 0.1281 0.1295 0.1301
0.1066 0.1068 0.1077 0.1091 0.1112 0.1138 0.1168 0.1201 0.1234 0.1264 0.1289 0.1305 0.1310
0.1064 0.1067 0.1075 0.1089 0.1109 0.1136 0.1168 0.1202 0.1238 0.1270 0.1296 0.1313 0.1319
0.1065 0.1067 0.1075 0.1089 0.1109 0.1136 0.1168 0.1204 0.1241 0.1276 0.1304 0.1322 0.1328
0.1069 0.1072 0.1079 0.1091 0.1111 0.1137 0.1170 0.1208 0.1246 0.1282 0.1311 0.1331 0.1337
0.1078 0.1080 0.1086 0.1097 0.1116 0.1141 0.1174 0.1212 0.1251 0.1289 0.1319 0.1340 0.1347
0.1092 0.1093 0.1098 0.1107 0.1124 0.1148 0.1180 0.1218 0.1258 0.1297 0.1328 0.1350 0.1357
