0.0924 0.0924 0.0924 0.0924 0.0924 0.0924 0.0924 0.0924 0.0924 0.0924 0.0924 0.0924 0.0924
0.0911 0.0912 0.0913 0.0915 0.0917 0.0921 0.0924 0.0927 0.0930 0.0933 0.0935 0.0937 0.0937
0.0902 0.0903 0.0905 0.0908 0.0913 0.0918 0.0924 0.0931 0.0936 0.0941 0.0945 0.0948 0.0949
0.0893 0.0894 0.0897 0.0902 0.0908 0.0917 0.0925 0.0934 0.0943 0.0951 0.0957 0.0961 0.0962
0.0884 0.0886 0.0890 0.0896 0.0904 0.0915 0.0927 0.0938 0.0950 0.0960 0.0968 0.0974 0.0975
0.0877 0.0879 0.0884 0.0891 0.0901 0.0914 0.0928 0.0943 0.0957 0.0970 0.0981 0.0987 0.0989
0.0872 0.0874 0.0879 0.0887 0.0899 0.0914 0.0930 0.0948 0.0965 0.0981 0.0993 0.1001 0.1004
0.0868 0.0870 0.0875 0.0884 0.0897 0.0914 0.0933 0.0953 0.0973 0.0991 0.1006 0.1015 0.1018
0.0865 0.0867 0.0873 0.0883 0.0897 0.0915 0.0936 0.0959 0.0982 0.1002 0.1019 0.1030 0.1034
0.0865 0.0867 0.0873 0.0884 0.0898 0.0917 0.0940 0.0965 0.0991 0.1014 0.1033 0.1045 0.1050
0.0867 0.0869 0.0875 0.0885 0.0901 0.0921 0.0945 0.0972 0.1000 0.1026 0.1047 0.1061 0.1066
0.0871 0.0873 0.0879 0.0889 0.0904 0.0925 0.0951 0.0980 0.1010 0.1038 0.1062 0.1077 0.1082
0.0878 0.0880 0.0885 0.0894 0.0910 0.0931 0.0958 0.0989 0.1021 0.1051 0.1077 0.1094 0.1099
0.0888 0.0890 0.0894 0.0903 0.0917 0.0939 0.0966 0.0998 0.1033 0.1065 0.1092 0.1111 0.1117
0.0902 0.0903 0.0906 0.0914 0.0927 0.0948 0.0976 0.1009 0.1045 0.1080 0.1109 0.1128 0.1135
0.0919 0.0920 0.0922 0.0928 0.0940 0.0960 0.0987 0.1021 0.1059 0.1095 0.1126 0.1147 0.1154
0.0941 0.0941 0.0942 0.0945 0.0955 0.0973 0.1001 0.1035 0.1074 0.1112 0.1144 0.1166 0.1173
