0.1132 0.1132 0.1132 0.1132 0.1132 0.1132 0.1132 0.1132 0.1132 0.1132 0.1132 0.1132 0.1132
0.1113 0.1113 0.1115 0.1118 0.1122 0.1127 0.1132 0.1137 0.1142 0.1146 0.1149 0.1151 0.1152
0.1097 0.1098 0.1101 0.1107 0.1114 0.1122 0.1132 0.1141 0.1150 0.1158 0.1164 0.1167 0.1169
0.1081 0.1083 0.1088 0.1095 0.1105 0.1117 0.1131 0.1145 0.1158 0.1170 0.1179 0.1185 0.1187
0.1067 0.1069 0.1075 0.1084 0.1097 0.1113 0.1130 0.1149 0.1166 0.1182 0.1195 0.1203 0.1205
0.1054 0.1056 0.1063 0.1074 0.1089 0.1108 0.1130 0.1152 0.1175 0.1194 0.1210 0.1220 0.1224
0.1041 0.1044 0.1051 0.1064 0.1082 0.1104 0.1129 0.1156 0.1182 0.1206 0.1226 0.1238 0.1242
0.1031 0.1034 0.1042 0.1056 0.1075 0.1100 0.1128 0.1159 0.1190 0.1218 0.1241 0.1255 0.1260
0.1023 0.1026 0.1034 0.1049 0.1069 0.1096 0.1128 0.1162 0.1197 0.1230 0.1256 0.1273 0.1278
0.1017 0.1019 0.1029 0.1043 0.1065 0.1093 0.1128 0.1166 0.1205 0.1241 0.1270 0.1290 0.1296
0.1017 0.1019 0.1026 0.1040 0.1062 0.1092 0.1128 0.1170 0.1212 0.1252 0.1285 0.1307 0.1315
0.1017 0.1020 0.1025 0.1039 0.1061 0.1091 0.1130 0.1174 0.1220 0.1264 0.1300 0.1323 0.1332
0.1020 0.1022 0.1029 0.1041 0.1062 0.1092 0.1132 0.1178 0.1228 0.1275 0.1314 0.1340 0.1350
0.1031 0.1032 0.1037 0.1047 0.1065 0.1095 0.1135 0.1184 0.1236 0.1287 0.1329 0.1357 0.1367
0.1047 0.1047 0.1049 0.1056 0.1072 0.1100 0.1140 0.1190 0.1245 0.1299 0.1344 0.1374 0.1385
0.1070 0.1069 0.1067 0.1070 0.1082 0.1108 0.1148 0.1198 0.1255 0.1311 0.1359 0.1391 0.1402
0.1101 0.1098 0.1093 0.1090 0.1097 0.1119 0.1157 0.1208 0.1266 0.1325 0.1375 0.1409 0.1421
