0.1085 0.1085 0.1085 0.1085 0.1085 0.1085 0.1085 0.1085 0.1085 0.1085 0.1085 0.1085 0.1085
0.1103 0.1103 0.1101 0.1098 0.1095 0.1091 0.1087 0.1083 0.1080 0.1077 0.1075 0.1073 0.1073
0.1124 0.1123 0.1119 0.1114 0.1108 0.1100 0.1093 0.1085 0.1079 0.1074 0.1070 0.1067 0.1066
0.1150 0.1148 0.1143 0.1135 0.1125 0.1113 0.1102 0.1091 0.1082 0.1074 0.1068 0.1065 0.1064
0.1183 0.1180 0.1173 0.1161 0.1147 0.1131 0.1115 0.1100 0.1088 0.1078 0.1070 0.1066 0.1064
0.1223 0.1219 0.1209 0.1193 0.1174 0.1153 0.1132 0.1113 0.1097 0.1085 0.1076 0.1070 0.1069
0.1270 0.1265 0.1251 0.1231 0.1206 0.1179 0.1153 0.1130 0.1110 0.1095 0.1085 0.1078 0.1076
0.1325 0.1319 0.1302 0.1276 0.1244 0.1211 0.1179 0.1150 0.1127 0.1109 0.1097 0.1089 0.1087
0.1390 0.1382 0.1361 0.1328 0.1289 0.1248 0.1209 0.1175 0.1147 0.1126 0.1112 0.1104 0.1101
0.1466 0.1456 0.1429 0.1389 0.1341 0.1291 0.1244 0.1203 0.1171 0.1147 0.1130 0.1121 0.1118
0.1554 0.1542 0.1509 0.1459 0.1401 0.1341 0.1284 0.1236 0.1198 0.1170 0.1152 0.1141 0.1138
0.1657 0.1642 0.1600 0.1540 0.1470 0.1397 0.1330 0.1274 0.1230 0.1198 0.1177 0.1165 0.1161
0.1772 0.1755 0.1705 0.1632 0.1546 0.1460 0.1382 0.1316 0.1265 0.1228 0.1204 0.1191 0.1187
0.1908 0.1885 0.1825 0.1736 0.1634 0.1533 0.1440 0.1363 0.1304 0.1263 0.1236 0.1221 0.1216
0.2061 0.2036 0.1962 0.1854 0.1733 0.1612 0.1505 0.1416 0.1349 0.1300 0.1270 0.1253 0.1248
0.2237 0.2205 0.2116 0.1987 0.1842 0.1701 0.1576 0.1474 0.1396 0.1342 0.1307 0.1288 0.1282
0.2438 0.2399 0.2290 0.2137 0.1964 0.1798 0.1653 0.1536 0.1447 0.1386 0.1347 0.1327 0.1320
