0.0943 0.0943 0.0943 0.0943 0.0943 0.0943 0.0943 0.0943 0.0943 0.0943 0.0943 0.0943 0.0943
0.0942 0.0942 0.0942 0.0942 0.0943 0.0943 0.0944 0.0945 0.0945 0.0946 0.0946 0.0947 0.0947
0.0942 0.0942 0.0943 0.0943 0.0944 0.0945 0.0946 0.0947 0.0948 0.0949 0.0950 0.0951 0.0951
0.0944 0.0945 0.0945 0.0946 0.0947 0.0948 0.0949 0.0951 0.0953 0.0954 0.0955 0.0956 0.0957
0.0949 0.0949 0.0949 0.0950 0.0951 0.0952 0.0954 0.0956 0.0958 0.0960 0.0962 0.0963 0.0964
0.0956 0.0956 0.0956 0.0956 0.0957 0.0958 0.0960 0.0962 0.0965 0.0968 0.0970 0.0972 0.0972
0.0965 0.0964 0.0965 0.0965 0.0965 0.0966 0.0968 0.0970 0.0973 0.0976 0.0979 0.0981 0.0982
0.0977 0.0977 0.0977 0.0976 0.0975 0.0976 0.0977 0.0980 0.0983 0.0986 0.0989 0.0992 0.0993
0.0993 0.0993 0.0992 0.0990 0.0988 0.0988 0.0988 0.0991 0.0994 0.0998 0.1001 0.1004 0.1005
0.1014 0.1013 0.1011 0.1007 0.1004 0.1002 0.1002 0.1003 0.1007 0.1010 0.1014 0.1017 0.1018
0.1038 0.1037 0.1033 0.1028 0.1023 0.1019 0.1018 0.1018 0.1021 0.1025 0.1029 0.1031 0.1032
0.1068 0.1066 0.1061 0.1053 0.1046 0.1040 0.1036 0.1035 0.1037 0.1041 0.1045 0.1048 0.1049
0.1103 0.1101 0.1093 0.1083 0.1073 0.1064 0.1057 0.1055 0.1056 0.1059 0.1063 0.1065 0.1066
0.1144 0.1141 0.1132 0.1118 0.1104 0.1091 0.1082 0.1077 0.1077 0.1079 0.1082 0.1085 0.1086
0.1194 0.1190 0.1177 0.1159 0.1140 0.1123 0.1110 0.1103 0.1100 0.1101 0.1104 0.1106 0.1107
0.1251 0.1246 0.1230 0.1207 0.1182 0.1159 0.1142 0.1131 0.1126 0.1126 0.1128 0.1130 0.1131
0.1319 0.1311 0.1291 0.1263 0.1231 0.1201 0.1178 0.1164 0.1156 0.1153 0.1153 0.1156 0.1157
