0.1071 0.1071 0.1071 0.1071 0.1071 0.1071 0.1071 0.1071 0.1071 0.1071 0.1071 0.1071 0.1071
0.1090 0.1089 0.1088 0.1085 0.1081 0.1077 0.1073 0.1069 0.1065 0.1062 0.1061 0.1059 0.1058
0.1112 0.1110 0.1107 0.1101 0.1095 0.1087 0.1079 0.1072 0.1065 0.1060 0.1056 0.1053 0.1053
0.1140 0.1139 0.1132 0.1124 0.1113 0.1101 0.1089 0.1078 0.1069 0.1061 0.1056 0.1053 0.1052
0.1176 0.1174 0.1165 0.1152 0.1136 0.1120 0.1104 0.1089 0.1077 0.1067 0.1060 0.1056 0.1055
0.1221 0.1217 0.1205 0.1187 0.1166 0.1144 0.1122 0.1103 0.1088 0.1076 0.1069 0.1064 0.1062
0.1275 0.1270 0.1254 0.1230 0.1202 0.1172 0.1145 0.1122 0.1103 0.1089 0.1081 0.1076 0.1074
0.1340 0.1333 0.1312 0.1281 0.1245 0.1207 0.1174 0.1145 0.1123 0.1107 0.1097 0.1092 0.1090
0.1418 0.1408 0.1381 0.1341 0.1295 0.1250 0.1208 0.1173 0.1148 0.1129 0.1118 0.1112 0.1110
0.1510 0.1498 0.1463 0.1412 0.1355 0.1298 0.1248 0.1207 0.1176 0.1156 0.1143 0.1136 0.1134
0.1620 0.1605 0.1560 0.1496 0.1424 0.1355 0.1294 0.1246 0.1211 0.1187 0.1172 0.1165 0.1163
0.1751 0.1731 0.1675 0.1595 0.1506 0.1421 0.1349 0.1291 0.1250 0.1223 0.1207 0.1199 0.1197
0.1907 0.1880 0.1809 0.1710 0.1600 0.1497 0.1410 0.1343 0.1295 0.1265 0.1247 0.1238 0.1236
0.2090 0.2058 0.1968 0.1844 0.1709 0.1585 0.1481 0.1402 0.1347 0.1312 0.1293 0.1283 0.1280
0.2307 0.2266 0.2155 0.2000 0.1835 0.1684 0.1561 0.1469 0.1406 0.1366 0.1344 0.1333 0.1331
0.2563 0.2511 0.2372 0.2180 0.1979 0.1798 0.1652 0.1545 0.1471 0.1427 0.1402 0.1390 0.1388
0.2865 0.2800 0.2625 0.2390 0.2144 0.1927 0.1754 0.1629 0.1546 0.1494 0.1467 0.1454 0.1451
