0.0791 0.0791 0.0791 0.0791 0.0791 0.0791 0.0791 0.0791 0.0791 0.0791 0.0791 0.0791 0.0791
0.0792 0.0792 0.0792 0.0792 0.0792 0.0792 0.0792 0.0792 0.0792 0.0792 0.0792 0.0792 0.0792
0.0794 0.0794 0.0794 0.0794 0.0794 0.0793 0.0793 0.0793 0.0793 0.0794 0.0794 0.0794 0.0794
0.0799 0.0799 0.0798 0.0797 0.0797 0.0797 0.0797 0.0797 0.0797 0.0797 0.0797 0.0798 0.0798
0.0805 0.0805 0.0803 0.0803 0.0802 0.0802 0.0801 0.0801 0.0801 0.0801 0.0801 0.0802 0.0803
0.0812 0.0812 0.0810 0.0810 0.0809 0.0808 0.0807 0.0807 0.0807 0.0807 0.0807 0.0807 0.0808
0.0821 0.0821 0.0820 0.0819 0.0817 0.0816 0.0815 0.0814 0.0814 0.0814 0.0814 0.0814 0.0814
0.0833 0.0833 0.0832 0.0830 0.0828 0.0826 0.0825 0.0823 0.0823 0.0822 0.0822 0.0822 0.0822
0.0849 0.0848 0.0846 0.0844 0.0841 0.0838 0.0836 0.0834 0.0833 0.0832 0.0832 0.0832 0.0832
0.0868 0.0867 0.0865 0.0861 0.0857 0.0853 0.0850 0.0847 0.0845 0.0844 0.0843 0.0843 0.0843
0.0891 0.0890 0.0886 0.0882 0.0877 0.0871 0.0866 0.0863 0.0860 0.0858 0.0857 0.0856 0.0856
0.0919 0.0917 0.0913 0.0907 0.0900 0.0893 0.0886 0.0881 0.0877 0.0874 0.0873 0.0872 0.0872
0.0952 0.0950 0.0945 0.0937 0.0928 0.0918 0.0910 0.0902 0.0897 0.0893 0.0890 0.0889 0.0889
0.0990 0.0988 0.0982 0.0972 0.0960 0.0948 0.0937 0.0927 0.0919 0.0914 0.0911 0.0910 0.0909
0.1036 0.1033 0.1025 0.1013 0.0998 0.0983 0.0969 0.0956 0.0947 0.0939 0.0935 0.0933 0.0932
0.1089 0.1085 0.1075 0.1060 0.1042 0.1024 0.1006 0.0990 0.0978 0.0969 0.0963 0.0959 0.0958
0.1150 0.1146 0.1134 0.1115 0.1093 0.1070 0.1048 0.1029 0.1013 0.1002 0.0995 0.0990 0.0989
