0.0987 0.0987 0.0987 0.0987 0.0987 0.0987 0.0987 0.0987 0.0987 0.0987 0.0987 0.0987 0.0987
0.0980 0.0980 0.0981 0.0982 0.0983 0.0985 0.0988 0.0990 0.0992 0.0994 0.0995 0.0996 0.0996
0.0975 0.0976 0.0977 0.0979 0.0982 0.0985 0.0989 0.0993 0.0997 0.1000 0.1003 0.1005 0.1005
0.0973 0.0973 0.0975 0.0978 0.0981 0.0986 0.0991 0.0997 0.1003 0.1008 0.1012 0.1015 0.1016
0.0972 0.0973 0.0974 0.0978 0.0982 0.0988 0.0995 0.1002 0.1010 0.1017 0.1023 0.1027 0.1028
0.0974 0.0975 0.0976 0.0979 0.0984 0.0991 0.0999 0.1008 0.1018 0.1027 0.1034 0.1039 0.1041
0.0979 0.0979 0.0981 0.0984 0.0988 0.0995 0.1005 0.1015 0.1027 0.1038 0.1047 0.1053 0.1055
0.0988 0.0988 0.0988 0.0990 0.0995 0.1002 0.1011 0.1023 0.1037 0.1050 0.1060 0.1067 0.1070
0.1000 0.1000 0.0999 0.1000 0.1003 0.1010 0.1020 0.1033 0.1048 0.1062 0.1075 0.1083 0.1086
0.1017 0.1016 0.1014 0.1013 0.1015 0.1020 0.1030 0.1043 0.1060 0.1076 0.1090 0.1100 0.1103
0.1038 0.1036 0.1033 0.1030 0.1029 0.1033 0.1042 0.1056 0.1073 0.1091 0.1106 0.1117 0.1121
0.1065 0.1063 0.1058 0.1052 0.1047 0.1049 0.1056 0.1070 0.1088 0.1107 0.1124 0.1136 0.1140
0.1104 0.1100 0.1090 0.1078 0.1070 0.1067 0.1073 0.1086 0.1104 0.1124 0.1143 0.1155 0.1160
0.1147 0.1142 0.1128 0.1111 0.1097 0.1090 0.1093 0.1104 0.1122 0.1143 0.1163 0.1176 0.1181
0.1202 0.1195 0.1176 0.1152 0.1130 0.1117 0.1116 0.1125 0.1143 0.1164 0.1185 0.1199 0.1204
0.1270 0.1260 0.1234 0.1200 0.1170 0.1149 0.1142 0.1149 0.1165 0.1187 0.1208 0.1223 0.1229
0.1353 0.1339 0.1305 0.1259 0.1217 0.1187 0.1174 0.1176 0.1191 0.1212 0.1234 0.1249 0.1255
