0.0990 0.0990 0.0990 0.0990 0.0990 0.0990 0.0990 0.0990 0.0990 0.0990 0.0990 0.0990 0.0990
0.0985 0.0985 0.0986 0.0986 0.0988 0.0989 0.0990 0.0992 0.0993 0.0994 0.0995 0.0996 0.0996
0.0983 0.0983 0.0984 0.0986 0.0987 0.0990 0.0992 0.0995 0.0998 0.1000 0.1002 0.1003 0.1004
0.0984 0.0984 0.0985 0.0987 0.0989 0.0992 0.0996 0.1000 0.1004 0.1008 0.1011 0.1013 0.1014
0.0987 0.0987 0.0988 0.0990 0.0992 0.0996 0.1001 0.1006 0.1011 0.1017 0.1021 0.1024 0.1025
0.0992 0.0992 0.0993 0.0995 0.0997 0.1002 0.1007 0.1013 0.1020 0.1027 0.1033 0.1037 0.1038
0.1001 0.1001 0.1002 0.1002 0.1005 0.1009 0.1015 0.1022 0.1031 0.1039 0.1047 0.1051 0.1053
0.1014 0.1013 0.1013 0.1013 0.1014 0.1018 0.1025 0.1033 0.1043 0.1053 0.1062 0.1067 0.1069
0.1030 0.1029 0.1028 0.1027 0.1027 0.1030 0.1036 0.1046 0.1057 0.1068 0.1078 0.1085 0.1088
0.1051 0.1050 0.1047 0.1044 0.1042 0.1044 0.1050 0.1060 0.1073 0.1085 0.1097 0.1105 0.1108
0.1078 0.1076 0.1071 0.1065 0.1061 0.1061 0.1066 0.1076 0.1090 0.1104 0.1118 0.1127 0.1130
0.1111 0.1107 0.1100 0.1090 0.1083 0.1081 0.1085 0.1095 0.1110 0.1126 0.1140 0.1150 0.1154
0.1150 0.1146 0.1135 0.1121 0.1110 0.1104 0.1107 0.1117 0.1132 0.1149 0.1165 0.1176 0.1180
0.1199 0.1193 0.1177 0.1158 0.1142 0.1132 0.1132 0.1141 0.1157 0.1175 0.1193 0.1205 0.1209
0.1257 0.1249 0.1229 0.1203 0.1179 0.1164 0.1161 0.1169 0.1185 0.1204 0.1223 0.1236 0.1241
0.1326 0.1316 0.1289 0.1254 0.1223 0.1202 0.1194 0.1200 0.1216 0.1236 0.1256 0.1270 0.1276
0.1409 0.1396 0.1360 0.1315 0.1274 0.1245 0.1232 0.1236 0.1250 0.1272 0.1293 0.1308 0.1314
