0.0980 0.0980 0.0980 0.0980 0.0980 0.0980 0.0980 0.0980 0.0980 0.0980 0.0980 0.0980 0.0980
0.0984 0.0984 0.0984 0.0983 0.0983 0.0982 0.0981 0.0981 0.0981 0.0980 0.0980 0.0980 0.0980
0.0991 0.0990 0.0990 0.0989 0.0987 0.0986 0.0985 0.0984 0.0983 0.0983 0.0983 0.0983 0.0983
0.1001 0.1001 0.0999 0.0997 0.0995 0.0993 0.0991 0.0989 0.0988 0.0988 0.0988 0.0988 0.0988
0.1016 0.1015 0.1013 0.1009 0.1005 0.1002 0.0999 0.0997 0.0996 0.0996 0.0996 0.0997 0.0997
0.1035 0.1034 0.1030 0.1025 0.1019 0.1014 0.1010 0.1007 0.1006 0.1006 0.1007 0.1007 0.1008
0.1060 0.1058 0.1052 0.1044 0.1036 0.1029 0.1023 0.1020 0.1018 0.1019 0.1020 0.1021 0.1021
0.1090 0.1088 0.1080 0.1070 0.1058 0.1047 0.1039 0.1035 0.1033 0.1034 0.1035 0.1037 0.1037
0.1129 0.1125 0.1115 0.1099 0.1084 0.1070 0.1060 0.1053 0.1051 0.1051 0.1053 0.1056 0.1057
0.1175 0.1170 0.1155 0.1136 0.1115 0.1096 0.1083 0.1075 0.1072 0.1073 0.1075 0.1078 0.1079
0.1232 0.1225 0.1205 0.1180 0.1152 0.1128 0.1111 0.1100 0.1096 0.1096 0.1099 0.1102 0.1103
0.1299 0.1290 0.1265 0.1232 0.1196 0.1166 0.1142 0.1129 0.1124 0.1124 0.1128 0.1131 0.1132
0.1382 0.1369 0.1338 0.1293 0.1248 0.1208 0.1180 0.1162 0.1155 0.1155 0.1159 0.1163 0.1165
0.1479 0.1464 0.1423 0.1366 0.1308 0.1259 0.1223 0.1201 0.1192 0.1192 0.1195 0.1199 0.1201
0.1598 0.1578 0.1525 0.1453 0.1379 0.1317 0.1273 0.1246 0.1234 0.1233 0.1236 0.1241 0.1243
0.1739 0.1714 0.1645 0.1555 0.1463 0.1386 0.1331 0.1297 0.1282 0.1279 0.1282 0.1287 0.1289
0.1908 0.1876 0.1790 0.1675 0.1560 0.1465 0.1397 0.1355 0.1336 0.1331 0.1334 0.1339 0.1341
