0.1008 0.1008 0.1008 0.1008 0.1008 0.1008 0.1008 0.1008 0.1008 0.1008 0.1008 0.1008 0.1008
0.1012 0.1012 0.1012 0.1011 0.1010 0.1010 0.1009 0.1008 0.1008 0.1008 0.1007 0.1007 0.1007
0.1020 0.1020 0.1018 0.1017 0.1016 0.1014 0.1012 0.1012 0.1011 0.1010 0.1010 0.1010 0.1010
0.1031 0.1031 0.1029 0.1027 0.1024 0.1021 0.1018 0.1017 0.1016 0.1016 0.1016 0.1016 0.1016
0.1048 0.1047 0.1044 0.1039 0.1035 0.1031 0.1027 0.1025 0.1024 0.1024 0.1024 0.1024 0.1024
0.1069 0.1067 0.1063 0.1056 0.1049 0.1043 0.1038 0.1035 0.1033 0.1033 0.1034 0.1035 0.1035
0.1096 0.1093 0.1087 0.1078 0.1068 0.1059 0.1052 0.1048 0.1046 0.1046 0.1047 0.1049 0.1049
0.1129 0.1126 0.1117 0.1104 0.1091 0.1078 0.1069 0.1063 0.1061 0.1062 0.1063 0.1065 0.1066
0.1171 0.1167 0.1154 0.1136 0.1118 0.1101 0.1089 0.1081 0.1079 0.1079 0.1081 0.1084 0.1085
0.1221 0.1215 0.1199 0.1175 0.1150 0.1129 0.1112 0.1103 0.1099 0.1100 0.1103 0.1106 0.1107
0.1282 0.1274 0.1252 0.1222 0.1189 0.1161 0.1140 0.1128 0.1123 0.1124 0.1127 0.1131 0.1132
0.1356 0.1345 0.1316 0.1276 0.1235 0.1199 0.1173 0.1157 0.1150 0.1151 0.1155 0.1158 0.1160
0.1444 0.1430 0.1392 0.1341 0.1289 0.1243 0.1209 0.1190 0.1182 0.1181 0.1186 0.1190 0.1192
0.1549 0.1531 0.1484 0.1418 0.1351 0.1294 0.1252 0.1227 0.1216 0.1216 0.1220 0.1224 0.1226
0.1675 0.1652 0.1591 0.1508 0.1424 0.1352 0.1301 0.1270 0.1257 0.1255 0.1258 0.1264 0.1266
0.1825 0.1796 0.1718 0.1613 0.1508 0.1420 0.1357 0.1318 0.1301 0.1298 0.1302 0.1307 0.1310
0.2004 0.1966 0.1868 0.1737 0.1606 0.1497 0.1420 0.1373 0.1351 0.1346 0.1350 0.1356 0.1358
