0.0897 0.0897 0.0897 0.0897 0.0897 0.0897 0.0897 0.0897 0.0897 0.0897 0.0897 0.0897 0.0897
0.0892 0.0892 0.0893 0.0893 0.0894 0.0896 0.0897 0.0898 0.0899 0.0900 0.0901 0.0901 0.0901
0.0888 0.0888 0.0889 0.0891 0.0892 0.0894 0.0897 0.0899 0.0901 0.0903 0.0904 0.0905 0.0906
0.0884 0.0885 0.0886 0.0888 0.0891 0.0894 0.0897 0.0900 0.0904 0.0906 0.0908 0.0910 0.0910
0.0881 0.0881 0.0883 0.0885 0.0889 0.0893 0.0897 0.0901 0.0906 0.0909 0.0912 0.0914 0.0915
0.0877 0.0878 0.0880 0.0883 0.0887 0.0892 0.0898 0.0903 0.0908 0.0913 0.0916 0.0918 0.0919
0.0874 0.0875 0.0877 0.0881 0.0886 0.0892 0.0898 0.0905 0.0911 0.0916 0.0920 0.0923 0.0924
0.0872 0.0873 0.0875 0.0879 0.0885 0.0892 0.0899 0.0906 0.0913 0.0920 0.0924 0.0927 0.0929
0.0870 0.0871 0.0874 0.0879 0.0885 0.0892 0.0900 0.0908 0.0916 0.0923 0.0929 0.0932 0.0933
0.0869 0.0870 0.0873 0.0878 0.0885 0.0893 0.0901 0.0911 0.0919 0.0927 0.0933 0.0937 0.0938
0.0869 0.0870 0.0873 0.0878 0.0886 0.0894 0.0904 0.0914 0.0923 0.0931 0.0938 0.0942 0.0944
0.0869 0.0871 0.0874 0.0880 0.0887 0.0896 0.0906 0.0917 0.0927 0.0936 0.0943 0.0948 0.0949
0.0871 0.0872 0.0876 0.0882 0.0890 0.0899 0.0910 0.0921 0.0931 0.0941 0.0949 0.0953 0.0955
0.0874 0.0876 0.0879 0.0885 0.0893 0.0903 0.0914 0.0925 0.0937 0.0947 0.0955 0.0960 0.0962
0.0879 0.0881 0.0884 0.0890 0.0898 0.0908 0.0919 0.0931 0.0943 0.0953 0.0962 0.0967 0.0969
0.0886 0.0887 0.0890 0.0896 0.0904 0.0914 0.0926 0.0938 0.0949 0.0960 0.0969 0.0974 0.0976
0.0894 0.0895 0.0899 0.0904 0.0912 0.0922 0.0933 0.0946 0.0958 0.0969 0.0977 0.0983 0.0985
