0.0990 0.0990 0.0990 0.0990 0.0990 0.0990 0.0990 0.0990 0.0990 0.0990 0.0990 0.0990 0.0990
0.0989 0.0989 0.0989 0.0990 0.0990 0.0990 0.0991 0.0991 0.0992 0.0992 0.0993 0.0993 0.0993
0.0991 0.0991 0.0991 0.0992 0.0992 0.0993 0.0994 0.0994 0.0996 0.0997 0.0998 0.0998 0.0999
0.0997 0.0997 0.0997 0.0997 0.0997 0.0997 0.0998 0.0999 0.1001 0.1003 0.1005 0.1006 0.1006
0.1006 0.1005 0.1005 0.1004 0.1003 0.1004 0.1005 0.1006 0.1009 0.1012 0.1014 0.1016 0.1016
0.1018 0.1018 0.1016 0.1014 0.1013 0.1013 0.1013 0.1016 0.1018 0.1022 0.1025 0.1027 0.1029
0.1034 0.1034 0.1032 0.1028 0.1025 0.1024 0.1024 0.1026 0.1030 0.1034 0.1039 0.1042 0.1042
0.1056 0.1055 0.1051 0.1045 0.1040 0.1037 0.1037 0.1039 0.1043 0.1049 0.1054 0.1058 0.1059
0.1083 0.1081 0.1075 0.1067 0.1060 0.1054 0.1053 0.1054 0.1059 0.1066 0.1072 0.1076 0.1077
0.1117 0.1114 0.1105 0.1094 0.1083 0.1075 0.1071 0.1072 0.1077 0.1085 0.1092 0.1097 0.1099
0.1158 0.1153 0.1142 0.1126 0.1110 0.1099 0.1093 0.1094 0.1099 0.1106 0.1114 0.1120 0.1123
0.1208 0.1202 0.1186 0.1165 0.1144 0.1128 0.1118 0.1118 0.1122 0.1131 0.1139 0.1147 0.1149
0.1268 0.1260 0.1239 0.1211 0.1182 0.1161 0.1148 0.1145 0.1149 0.1158 0.1168 0.1175 0.1178
0.1341 0.1330 0.1303 0.1266 0.1228 0.1200 0.1182 0.1177 0.1180 0.1189 0.1200 0.1208 0.1211
0.1428 0.1414 0.1379 0.1330 0.1282 0.1245 0.1221 0.1212 0.1215 0.1224 0.1235 0.1244 0.1247
0.1532 0.1515 0.1468 0.1406 0.1346 0.1297 0.1266 0.1253 0.1254 0.1263 0.1275 0.1285 0.1288
0.1657 0.1634 0.1575 0.1496 0.1419 0.1357 0.1318 0.1300 0.1298 0.1307 0.1320 0.1330 0.1333
