0.0891 0.0891 0.0891 0.0891 0.0891 0.0891 0.0891 0.0891 0.0891 0.0891 0.0891 0.0891 0.0891
0.0884 0.0884 0.0885 0.0886 0.0887 0.0889 0.0891 0.0893 0.0895 0.0896 0.0898 0.0898 0.0899
0.0879 0.0879 0.0881 0.0883 0.0885 0.0889 0.0892 0.0896 0.0899 0.0902 0.0905 0.0907 0.0907
0.0875 0.0876 0.0877 0.0880 0.0884 0.0889 0.0894 0.0899 0.0905 0.0909 0.0913 0.0915 0.0916
0.0873 0.0873 0.0875 0.0879 0.0884 0.0890 0.0896 0.0904 0.0911 0.0917 0.0922 0.0926 0.0927
0.0871 0.0872 0.0875 0.0879 0.0884 0.0892 0.0900 0.0909 0.0918 0.0926 0.0932 0.0937 0.0938
0.0872 0.0873 0.0875 0.0880 0.0886 0.0894 0.0904 0.0915 0.0926 0.0935 0.0943 0.0949 0.0950
0.0874 0.0875 0.0878 0.0882 0.0889 0.0898 0.0909 0.0922 0.0934 0.0946 0.0955 0.0962 0.0964
0.0878 0.0879 0.0882 0.0886 0.0894 0.0903 0.0916 0.0929 0.0944 0.0957 0.0968 0.0976 0.0978
0.0884 0.0885 0.0887 0.0892 0.0899 0.0910 0.0923 0.0938 0.0954 0.0970 0.0982 0.0991 0.0993
0.0892 0.0893 0.0895 0.0899 0.0907 0.0918 0.0932 0.0948 0.0966 0.0983 0.0997 0.1007 0.1010
0.0903 0.0904 0.0905 0.0909 0.0916 0.0927 0.0941 0.0959 0.0979 0.0998 0.1013 0.1024 0.1028
0.0917 0.0917 0.0918 0.0921 0.0927 0.0938 0.0953 0.0972 0.0993 0.1013 0.1031 0.1042 0.1046
0.0933 0.0933 0.0933 0.0935 0.0940 0.0951 0.0966 0.0986 0.1008 0.1031 0.1050 0.1062 0.1067
0.0954 0.0953 0.0952 0.0952 0.0956 0.0965 0.0981 0.1002 0.1025 0.1049 0.1070 0.1084 0.1088
0.0978 0.0976 0.0974 0.0972 0.0975 0.0983 0.0998 0.1019 0.1044 0.1070 0.1092 0.1106 0.1112
0.1006 0.1004 0.1000 0.0996 0.0996 0.1003 0.1017 0.1039 0.1065 0.1092 0.1115 0.1131 0.1137
