0.1121 0.1121 0.1121 0.1121 0.1121 0.1121 0.1121 0.1121 0.1121 0.1121 0.1121 0.1121 0.1121
0.1107 0.1108 0.1109 0.1111 0.1114 0.1117 0.1121 0.1125 0.1128 0.1131 0.1133 0.1135 0.1135
0.1095 0.1096 0.1099 0.1103 0.1108 0.1114 0.1121 0.1127 0.1134 0.1139 0.1143 0.1146 0.1147
0.1084 0.1085 0.1088 0.1094 0.1101 0.1110 0.1120 0.1130 0.1139 0.1147 0.1154 0.1158 0.1159
0.1072 0.1073 0.1078 0.1085 0.1095 0.1106 0.1119 0.1132 0.1144 0.1155 0.1164 0.1169 0.1171
0.1061 0.1063 0.1068 0.1077 0.1088 0.1102 0.1118 0.1134 0.1149 0.1163 0.1174 0.1180 0.1183
0.1050 0.1052 0.1059 0.1069 0.1082 0.1099 0.1117 0.1136 0.1154 0.1170 0.1183 0.1191 0.1194
0.1041 0.1044 0.1050 0.1061 0.1076 0.1095 0.1116 0.1137 0.1159 0.1178 0.1193 0.1202 0.1206
0.1033 0.1035 0.1042 0.1055 0.1071 0.1092 0.1115 0.1139 0.1163 0.1185 0.1202 0.1213 0.1216
0.1025 0.1028 0.1036 0.1049 0.1067 0.1089 0.1114 0.1141 0.1167 0.1191 0.1211 0.1223 0.1227
0.1020 0.1023 0.1031 0.1045 0.1063 0.1087 0.1114 0.1143 0.1172 0.1198 0.1219 0.1233 0.1237
0.1017 0.1020 0.1028 0.1042 0.1061 0.1086 0.1114 0.1145 0.1176 0.1205 0.1228 0.1243 0.1248
0.1017 0.1019 0.1027 0.1041 0.1060 0.1086 0.1115 0.1148 0.1181 0.1212 0.1236 0.1252 0.1258
0.1018 0.1021 0.1029 0.1042 0.1061 0.1087 0.1117 0.1152 0.1187 0.1219 0.1245 0.1262 0.1268
0.1024 0.1026 0.1033 0.1046 0.1065 0.1090 0.1121 0.1156 0.1193 0.1226 0.1254 0.1272 0.1279
0.1033 0.1035 0.1041 0.1052 0.1070 0.1095 0.1126 0.1162 0.1199 0.1235 0.1263 0.1282 0.1289
0.1046 0.1048 0.1053 0.1063 0.1079 0.1103 0.1133 0.1169 0.1208 0.1244 0.1274 0.1294 0.1301
