0.0997 0.0997 0.0997 0.0997 0.0997 0.0997 0.0997 0.0997 0.0997 0.0997 0.0997 0.0997 0.0997
0.1006 0.1006 0.1005 0.1004 0.1002 0.1000 0.0998 0.0996 0.0995 0.0993 0.0993 0.0992 0.0992
0.1018 0.1017 0.1015 0.1013 0.1009 0.1006 0.1002 0.0999 0.0996 0.0994 0.0992 0.0991 0.0991
0.1034 0.1033 0.1030 0.1025 0.1020 0.1014 0.1009 0.1004 0.1000 0.0996 0.0994 0.0993 0.0992
0.1055 0.1053 0.1049 0.1042 0.1034 0.1026 0.1018 0.1011 0.1006 0.1001 0.0999 0.0997 0.0996
0.1080 0.1078 0.1072 0.1063 0.1052 0.1041 0.1030 0.1021 0.1014 0.1009 0.1006 0.1004 0.1003
0.1112 0.1109 0.1101 0.1089 0.1074 0.1059 0.1045 0.1034 0.1025 0.1019 0.1015 0.1013 0.1012
0.1150 0.1146 0.1136 0.1120 0.1101 0.1081 0.1064 0.1050 0.1039 0.1032 0.1027 0.1025 0.1024
0.1196 0.1191 0.1177 0.1156 0.1132 0.1108 0.1086 0.1068 0.1055 0.1047 0.1041 0.1039 0.1038
0.1250 0.1244 0.1226 0.1200 0.1169 0.1139 0.1112 0.1090 0.1075 0.1064 0.1058 0.1055 0.1055
0.1314 0.1306 0.1283 0.1250 0.1212 0.1175 0.1141 0.1115 0.1096 0.1084 0.1077 0.1074 0.1074
0.1388 0.1378 0.1350 0.1309 0.1262 0.1216 0.1176 0.1144 0.1122 0.1107 0.1099 0.1096 0.1095
0.1476 0.1463 0.1428 0.1377 0.1319 0.1263 0.1215 0.1177 0.1150 0.1133 0.1124 0.1119 0.1118
0.1578 0.1563 0.1518 0.1456 0.1385 0.1317 0.1259 0.1213 0.1182 0.1162 0.1151 0.1146 0.1144
0.1698 0.1677 0.1624 0.1547 0.1460 0.1378 0.1308 0.1255 0.1217 0.1194 0.1181 0.1175 0.1173
0.1836 0.1810 0.1744 0.1649 0.1545 0.1447 0.1364 0.1300 0.1256 0.1229 0.1214 0.1206 0.1204
0.1996 0.1966 0.1883 0.1767 0.1641 0.1523 0.1425 0.1351 0.1299 0.1267 0.1249 0.1241 0.1238
