0.0888 0.0888 0.0888 0.0888 0.0888 0.0888 0.0888 0.0888 0.0888 0.0888 0.0888 0.0888 0.0888
0.0889 0.0889 0.0889 0.0889 0.0889 0.0889 0.0889 0.0889 0.0889 0.0889 0.0889 0.0889 0.0889
0.0892 0.0892 0.0892 0.0892 0.0892 0.0892 0.0892 0.0892 0.0892 0.0892 0.0892 0.0892 0.0892
0.0896 0.0896 0.0896 0.0896 0.0896 0.0896 0.0896 0.0896 0.0896 0.0896 0.0896 0.0896 0.0896
0.0903 0.0903 0.0903 0.0903 0.0903 0.0903 0.0903 0.0903 0.0903 0.0903 0.0903 0.0903 0.0903
0.0911 0.0911 0.0911 0.0911 0.0911 0.0911 0.0911 0.0911 0.0911 0.0911 0.0911 0.0911 0.0911
0.0922 0.0922 0.0922 0.0922 0.0922 0.0922 0.0922 0.0922 0.0922 0.0922 0.0922 0.0922 0.0922
0.0935 0.0935 0.0935 0.0935 0.0935 0.0935 0.0935 0.0935 0.0935 0.0935 0.0935 0.0935 0.0935
0.0950 0.0950 0.0950 0.0950 0.0950 0.0950 0.0950 0.0950 0.0950 0.0950 0.0950 0.0950 0.0950
0.0968 0.0968 0.0968 0.0968 0.0968 0.0968 0.0968 0.0968 0.0968 0.0968 0.0968 0.0968 0.0968
0.0989 0.0989 0.0989 0.0989 0.0989 0.0989 0.0989 0.0989 0.0989 0.0989 0.0989 0.0989 0.0989
0.1014 0.1014 0.1014 0.1014 0.1014 0.1014 0.1014 0.1014 0.1014 0.1014 0.1014 0.1014 0.1014
0.1043 0.1043 0.1043 0.1043 0.1043 0.1043 0.1043 0.1043 0.1043 0.1043 0.1043 0.1043 0.1043
0.1075 0.1075 0.1075 0.1075 0.1075 0.1075 0.1075 0.1075 0.1075 0.1075 0.1075 0.1075 0.1075
0.1113 0.1113 0.1113 0.1113 0.1113 0.1113 0.1113 0.1113 0.1113 0.1113 0.1113 0.1113 0.1113
0.1155 0.1155 0.1155 0.1155 0.1155 0.1155 0.1155 0.1155 0.1155 0.1155 0.1155 0.1155 0.1155
0.1202 0.1202 0.1202 0.1202 0.1202 0.1202 0.1202 0.1202 0.1202 0.1202 0.1202 0.1202 0.1202
