0.0962 0.0962 0.0962 0.0962 0.0962 0.0962 0.0962 0.0962 0.0962 0.0962 0.0962 0.0962 0.0962
0.0969 0.0969 0.0968 0.0967 0.0966 0.0965 0.0964 0.0963 0.0962 0.0961 0.0960 0.0960 0.0960
0.0978 0.0978 0.0977 0.0975 0.0973 0.0970 0.0968 0.0966 0.0964 0.0963 0.0962 0.0962 0.0961
0.0992 0.0991 0.0989 0.0986 0.0982 0.0978 0.0975 0.0971 0.0969 0.0968 0.0966 0.0966 0.0966
0.1010 0.1009 0.1005 0.1001 0.0995 0.0989 0.0984 0.0980 0.0977 0.0975 0.0974 0.0973 0.0973
0.1033 0.1031 0.1027 0.1020 0.1011 0.1003 0.0996 0.0991 0.0987 0.0985 0.0984 0.0984 0.0984
0.1062 0.1060 0.1053 0.1043 0.1032 0.1021 0.1012 0.1005 0.1000 0.0998 0.0997 0.0997 0.0997
0.1099 0.1095 0.1086 0.1072 0.1057 0.1043 0.1031 0.1022 0.1017 0.1014 0.1013 0.1013 0.1013
0.1143 0.1138 0.1126 0.1108 0.1088 0.1069 0.1054 0.1043 0.1036 0.1033 0.1033 0.1033 0.1033
0.1196 0.1190 0.1174 0.1150 0.1124 0.1100 0.1081 0.1067 0.1059 0.1056 0.1055 0.1056 0.1056
0.1261 0.1253 0.1231 0.1201 0.1168 0.1137 0.1113 0.1096 0.1087 0.1082 0.1082 0.1083 0.1083
0.1340 0.1329 0.1301 0.1261 0.1219 0.1181 0.1151 0.1130 0.1118 0.1113 0.1113 0.1113 0.1114
0.1434 0.1420 0.1384 0.1333 0.1279 0.1232 0.1194 0.1169 0.1155 0.1149 0.1148 0.1149 0.1150
0.1547 0.1530 0.1483 0.1418 0.1351 0.1291 0.1245 0.1214 0.1197 0.1190 0.1189 0.1190 0.1190
0.1684 0.1662 0.1601 0.1519 0.1434 0.1360 0.1304 0.1267 0.1246 0.1237 0.1235 0.1236 0.1237
0.1848 0.1819 0.1743 0.1639 0.1532 0.1441 0.1373 0.1327 0.1302 0.1290 0.1288 0.1289 0.1290
0.2044 0.2007 0.1910 0.1779 0.1647 0.1535 0.1451 0.1397 0.1366 0.1352 0.1349 0.1350 0.1351
