0.1039 0.1039 0.1039 0.1039 0.1039 0.1039 0.1039 0.1039 0.1039 0.1039 0.1039 0.1039 0.1039
0.1028 0.1029 0.1030 0.1031 0.1034 0.1036 0.1039 0.1042 0.1044 0.1047 0.1048 0.1049 0.1050
0.1020 0.1021 0.1022 0.1025 0.1029 0.1034 0.1039 0.1044 0.1049 0.1053 0.1057 0.1059 0.1059
0.1012 0.1013 0.1015 0.1020 0.1025 0.1032 0.1039 0.1047 0.1054 0.1061 0.1065 0.1069 0.1070
0.1004 0.1006 0.1009 0.1014 0.1022 0.1030 0.1040 0.1050 0.1060 0.1068 0.1075 0.1079 0.1080
0.0998 0.0999 0.1003 0.1010 0.1019 0.1029 0.1041 0.1053 0.1065 0.1075 0.1084 0.1089 0.1091
0.0992 0.0993 0.0999 0.1006 0.1016 0.1028 0.1042 0.1057 0.1071 0.1083 0.1093 0.1100 0.1102
0.0988 0.0989 0.0995 0.1003 0.1015 0.1028 0.1044 0.1060 0.1076 0.1091 0.1103 0.1110 0.1113
0.0986 0.0988 0.0993 0.1002 0.1014 0.1029 0.1046 0.1064 0.1083 0.1099 0.1112 0.1121 0.1124
0.0986 0.0988 0.0993 0.1002 0.1015 0.1031 0.1049 0.1069 0.1089 0.1108 0.1122 0.1132 0.1135
0.0989 0.0990 0.0995 0.1004 0.1017 0.1033 0.1053 0.1074 0.1096 0.1116 0.1132 0.1143 0.1147
0.0994 0.0995 0.1000 0.1008 0.1021 0.1038 0.1058 0.1081 0.1104 0.1125 0.1143 0.1154 0.1158
0.1002 0.1003 0.1007 0.1015 0.1027 0.1044 0.1064 0.1088 0.1112 0.1135 0.1154 0.1166 0.1171
0.1013 0.1014 0.1018 0.1025 0.1036 0.1052 0.1072 0.1096 0.1122 0.1146 0.1166 0.1179 0.1183
0.1029 0.1030 0.1032 0.1037 0.1047 0.1062 0.1082 0.1106 0.1132 0.1157 0.1178 0.1192 0.1197
0.1050 0.1050 0.1051 0.1054 0.1062 0.1075 0.1094 0.1118 0.1144 0.1170 0.1192 0.1206 0.1211
0.1077 0.1076 0.1075 0.1076 0.1080 0.1092 0.1109 0.1132 0.1158 0.1184 0.1207 0.1221 0.1227
