0.0920 0.0920 0.0920 0.0920 0.0920 0.0920 0.0920 0.0920 0.0920 0.0920 0.0920 0.0920 0.0920
0.0925 0.0924 0.0924 0.0924 0.0923 0.0922 0.0921 0.0920 0.0920 0.0919 0.0919 0.0919 0.0918
0.0932 0.0932 0.0931 0.0930 0.0928 0.0926 0.0924 0.0923 0.0922 0.0921 0.0920 0.0920 0.0920
0.0943 0.0943 0.0941 0.0939 0.0936 0.0932 0.0930 0.0927 0.0926 0.0925 0.0924 0.0924 0.0924
0.0959 0.0958 0.0955 0.0951 0.0946 0.0941 0.0937 0.0934 0.0932 0.0931 0.0930 0.0930 0.0930
0.0979 0.0977 0.0973 0.0967 0.0960 0.0953 0.0947 0.0943 0.0940 0.0939 0.0939 0.0938 0.0938
0.1003 0.1001 0.0996 0.0987 0.0977 0.0968 0.0960 0.0954 0.0951 0.0949 0.0949 0.0949 0.0949
0.1034 0.1031 0.1023 0.1012 0.0999 0.0986 0.0976 0.0968 0.0963 0.0962 0.0961 0.0961 0.0961
0.1071 0.1068 0.1057 0.1042 0.1025 0.1008 0.0994 0.0985 0.0979 0.0976 0.0976 0.0976 0.0976
0.1116 0.1111 0.1098 0.1078 0.1056 0.1034 0.1017 0.1004 0.0997 0.0993 0.0992 0.0993 0.0993
0.1170 0.1164 0.1146 0.1121 0.1092 0.1065 0.1042 0.1026 0.1017 0.1012 0.1012 0.1012 0.1013
0.1236 0.1228 0.1204 0.1172 0.1136 0.1101 0.1073 0.1053 0.1040 0.1035 0.1033 0.1033 0.1034
0.1312 0.1302 0.1273 0.1232 0.1186 0.1144 0.1108 0.1083 0.1067 0.1060 0.1057 0.1057 0.1058
0.1405 0.1392 0.1355 0.1302 0.1245 0.1192 0.1149 0.1117 0.1098 0.1088 0.1085 0.1084 0.1084
0.1515 0.1498 0.1451 0.1386 0.1314 0.1249 0.1196 0.1157 0.1133 0.1120 0.1115 0.1115 0.1115
0.1646 0.1625 0.1565 0.1483 0.1395 0.1314 0.1249 0.1202 0.1172 0.1156 0.1150 0.1148 0.1148
0.1802 0.1774 0.1700 0.1598 0.1488 0.1389 0.1310 0.1253 0.1216 0.1196 0.1188 0.1186 0.1185
