0.0983 0.0983 0.0983 0.0983 0.0983 0.0983 0.0983 0.0983 0.0983 0.0983 0.0983 0.0983 0.0983
0.0975 0.0975 0.0976 0.0977 0.0979 0.0981 0.0983 0.0985 0.0987 0.0989 0.0991 0.0992 0.0992
0.0971 0.0971 0.0972 0.0975 0.0977 0.0981 0.0985 0.0989 0.0993 0.0997 0.0999 0.1001 0.1002
0.0969 0.0969 0.0971 0.0974 0.0977 0.0982 0.0988 0.0994 0.1000 0.1005 0.1010 0.1013 0.1014
0.0969 0.0970 0.0971 0.0974 0.0979 0.0985 0.0992 0.1000 0.1008 0.1016 0.1022 0.1026 0.1027
0.0972 0.0973 0.0974 0.0977 0.0982 0.0989 0.0997 0.1007 0.1017 0.1027 0.1035 0.1040 0.1042
0.0978 0.0979 0.0980 0.0983 0.0988 0.0995 0.1004 0.1016 0.1028 0.1040 0.1049 0.1056 0.1058
0.0988 0.0988 0.0989 0.0991 0.0995 0.1002 0.1013 0.1026 0.1040 0.1054 0.1065 0.1073 0.1076
0.1002 0.1002 0.1001 0.1002 0.1005 0.1012 0.1023 0.1037 0.1053 0.1069 0.1082 0.1092 0.1095
0.1021 0.1020 0.1018 0.1017 0.1018 0.1024 0.1035 0.1050 0.1068 0.1086 0.1101 0.1112 0.1115
0.1045 0.1043 0.1039 0.1036 0.1035 0.1039 0.1049 0.1065 0.1084 0.1104 0.1121 0.1133 0.1137
0.1075 0.1072 0.1066 0.1059 0.1055 0.1056 0.1066 0.1081 0.1102 0.1124 0.1143 0.1156 0.1161
0.1112 0.1108 0.1099 0.1087 0.1079 0.1077 0.1085 0.1100 0.1122 0.1145 0.1166 0.1181 0.1186
0.1158 0.1153 0.1139 0.1121 0.1107 0.1102 0.1107 0.1122 0.1144 0.1169 0.1191 0.1207 0.1213
0.1214 0.1206 0.1187 0.1162 0.1141 0.1130 0.1132 0.1145 0.1168 0.1194 0.1218 0.1235 0.1241
0.1281 0.1271 0.1244 0.1211 0.1182 0.1164 0.1161 0.1172 0.1195 0.1222 0.1248 0.1265 0.1272
0.1361 0.1348 0.1313 0.1269 0.1229 0.1202 0.1194 0.1203 0.1224 0.1252 0.1279 0.1298 0.1305
