0.0960 0.0960 0.0960 0.0960 0.0960 0.0960 0.0960 0.0960 0.0960 0.0960 0.0960 0.0960 0.0960
0.0955 0.0955 0.0956 0.0957 0.0957 0.0959 0.0960 0.0961 0.0962 0.0964 0.0964 0.0965 0.0965
0.0951 0.0951 0.0952 0.0954 0.0955 0.0958 0.0960 0.0962 0.0965 0.0967 0.0968 0.0969 0.0970
0.0947 0.0948 0.0949 0.0951 0.0954 0.0957 0.0960 0.0964 0.0967 0.0970 0.0973 0.0974 0.0974
0.0944 0.0944 0.0946 0.0948 0.0952 0.0956 0.0961 0.0966 0.0970 0.0974 0.0977 0.0979 0.0979
0.0941 0.0941 0.0943 0.0946 0.0951 0.0956 0.0961 0.0967 0.0973 0.0977 0.0981 0.0984 0.0984
0.0938 0.0939 0.0941 0.0945 0.0950 0.0956 0.0963 0.0969 0.0976 0.0981 0.0986 0.0988 0.0989
0.0936 0.0937 0.0939 0.0944 0.0950 0.0957 0.0964 0.0972 0.0979 0.0986 0.0990 0.0994 0.0995
0.0935 0.0936 0.0939 0.0943 0.0950 0.0957 0.0966 0.0975 0.0983 0.0990 0.0995 0.0999 0.1000
0.0935 0.0936 0.0939 0.0944 0.0951 0.0959 0.0968 0.0977 0.0986 0.0995 0.1001 0.1005 0.1006
0.0936 0.0937 0.0940 0.0946 0.0953 0.0961 0.0971 0.0981 0.0991 0.1000 0.1006 0.1011 0.1013
0.0938 0.0939 0.0943 0.0948 0.0956 0.0965 0.0975 0.0986 0.0996 0.1006 0.1013 0.1017 0.1019
0.0942 0.0943 0.0947 0.0952 0.0960 0.0969 0.0980 0.0991 0.1002 0.1012 0.1020 0.1025 0.1026
0.0948 0.0949 0.0952 0.0958 0.0966 0.0975 0.0986 0.0997 0.1009 0.1019 0.1027 0.1033 0.1034
0.0956 0.0957 0.0960 0.0966 0.0973 0.0982 0.0993 0.1005 0.1017 0.1027 0.1036 0.1041 0.1043
0.0966 0.0967 0.0970 0.0975 0.0982 0.0991 0.1002 0.1014 0.1026 0.1037 0.1045 0.1051 0.1053
0.0978 0.0979 0.0982 0.0987 0.0994 0.1002 0.1013 0.1025 0.1037 0.1047 0.1056 0.1062 0.1064
