0.1040 0.1040 0.1040 0.1040 0.1040 0.1040 0.1040 0.1040 0.1040 0.1040 0.1040 0.1040 0.1040
0.1030 0.1030 0.1032 0.1033 0.1036 0.1038 0.1040 0.1043 0.1046 0.1048 0.1049 0.1051 0.1052
0.1024 0.1025 0.1026 0.1029 0.1033 0.1037 0.1042 0.1047 0.1052 0.1056 0.1059 0.1062 0.1062
0.1020 0.1021 0.1023 0.1026 0.1031 0.1037 0.1044 0.1052 0.1059 0.1066 0.1071 0.1075 0.1076
0.1018 0.1019 0.1022 0.1025 0.1031 0.1038 0.1048 0.1057 0.1067 0.1077 0.1085 0.1089 0.1091
0.1019 0.1020 0.1022 0.1027 0.1033 0.1041 0.1052 0.1065 0.1078 0.1089 0.1099 0.1105 0.1107
0.1023 0.1024 0.1025 0.1030 0.1036 0.1046 0.1058 0.1073 0.1088 0.1103 0.1115 0.1123 0.1125
0.1030 0.1031 0.1032 0.1036 0.1042 0.1052 0.1066 0.1082 0.1100 0.1117 0.1132 0.1141 0.1144
0.1042 0.1042 0.1042 0.1044 0.1050 0.1060 0.1075 0.1093 0.1113 0.1133 0.1150 0.1162 0.1165
0.1058 0.1057 0.1056 0.1057 0.1060 0.1070 0.1085 0.1105 0.1128 0.1151 0.1170 0.1183 0.1188
0.1079 0.1078 0.1075 0.1073 0.1074 0.1082 0.1097 0.1119 0.1144 0.1170 0.1191 0.1206 0.1211
0.1107 0.1104 0.1098 0.1092 0.1091 0.1097 0.1112 0.1135 0.1162 0.1190 0.1215 0.1231 0.1236
0.1141 0.1137 0.1128 0.1117 0.1112 0.1115 0.1129 0.1152 0.1182 0.1212 0.1239 0.1257 0.1264
0.1185 0.1179 0.1165 0.1149 0.1138 0.1137 0.1149 0.1173 0.1204 0.1236 0.1266 0.1286 0.1293
0.1238 0.1230 0.1210 0.1186 0.1168 0.1163 0.1173 0.1196 0.1228 0.1263 0.1295 0.1317 0.1325
0.1303 0.1293 0.1265 0.1232 0.1205 0.1194 0.1199 0.1222 0.1255 0.1292 0.1326 0.1350 0.1359
0.1384 0.1369 0.1332 0.1287 0.1249 0.1230 0.1231 0.1252 0.1285 0.1325 0.1361 0.1387 0.1395
