0.0989 0.0989 0.0989 0.0989 0.0989 0.0989 0.0989 0.0989 0.0989 0.0989 0.0989 0.0989 0.0989
0.0983 0.0983 0.0984 0.0985 0.0986 0.0988 0.0990 0.0992 0.0993 0.0995 0.0996 0.0997 0.0997
0.0979 0.0980 0.0981 0.0983 0.0985 0.0988 0.0991 0.0995 0.0998 0.1001 0.1004 0.1005 0.1006
0.0978 0.0978 0.0980 0.0982 0.0985 0.0989 0.0994 0.0999 0.1004 0.1009 0.1012 0.1015 0.1016
0.0979 0.0979 0.0981 0.0983 0.0987 0.0992 0.0998 0.1005 0.1011 0.1018 0.1023 0.1026 0.1027
0.0982 0.0982 0.0984 0.0987 0.0991 0.0996 0.1003 0.1011 0.1020 0.1028 0.1034 0.1038 0.1040
0.0988 0.0988 0.0990 0.0992 0.0996 0.1002 0.1010 0.1019 0.1029 0.1039 0.1047 0.1052 0.1054
0.0998 0.0998 0.0998 0.1000 0.1004 0.1010 0.1018 0.1028 0.1040 0.1051 0.1060 0.1067 0.1069
0.1011 0.1011 0.1010 0.1011 0.1014 0.1019 0.1028 0.1039 0.1052 0.1064 0.1075 0.1082 0.1085
0.1028 0.1028 0.1026 0.1026 0.1027 0.1031 0.1040 0.1051 0.1065 0.1079 0.1091 0.1099 0.1103
0.1050 0.1049 0.1046 0.1044 0.1043 0.1046 0.1053 0.1065 0.1079 0.1095 0.1108 0.1117 0.1121
0.1078 0.1076 0.1072 0.1065 0.1062 0.1062 0.1069 0.1080 0.1096 0.1112 0.1127 0.1136 0.1141
0.1114 0.1110 0.1103 0.1093 0.1086 0.1083 0.1088 0.1098 0.1114 0.1131 0.1147 0.1158 0.1162
0.1155 0.1151 0.1140 0.1126 0.1113 0.1107 0.1109 0.1118 0.1134 0.1152 0.1168 0.1180 0.1184
0.1206 0.1200 0.1185 0.1165 0.1146 0.1135 0.1133 0.1141 0.1155 0.1175 0.1191 0.1204 0.1208
0.1267 0.1259 0.1238 0.1211 0.1185 0.1167 0.1161 0.1166 0.1180 0.1199 0.1217 0.1230 0.1234
0.1340 0.1329 0.1302 0.1265 0.1231 0.1205 0.1193 0.1195 0.1207 0.1225 0.1243 0.1256 0.1261
