0.0979 0.0979 0.0979 0.0979 0.0979 0.0979 0.0979 0.0979 0.0979 0.0979 0.0979 0.0979 0.0979
0.0980 0.0980 0.0980 0.0980 0.0980 0.0980 0.0980 0.0980 0.0980 0.0980 0.0980 0.0980 0.0980
0.0984 0.0984 0.0984 0.0984 0.0983 0.0983 0.0983 0.0983 0.0983 0.0984 0.0984 0.0984 0.0984
0.0992 0.0992 0.0991 0.0990 0.0989 0.0988 0.0988 0.0988 0.0989 0.0989 0.0990 0.0991 0.0991
0.1003 0.1003 0.1001 0.0999 0.0997 0.0996 0.0995 0.0995 0.0996 0.0997 0.0999 0.1000 0.1000
0.1018 0.1017 0.1015 0.1012 0.1009 0.1006 0.1005 0.1005 0.1006 0.1007 0.1009 0.1011 0.1011
0.1038 0.1036 0.1033 0.1028 0.1023 0.1019 0.1017 0.1016 0.1018 0.1020 0.1022 0.1024 0.1025
0.1063 0.1061 0.1056 0.1048 0.1041 0.1035 0.1031 0.1030 0.1032 0.1035 0.1038 0.1040 0.1041
0.1094 0.1091 0.1084 0.1074 0.1063 0.1055 0.1049 0.1047 0.1049 0.1052 0.1056 0.1059 0.1060
0.1132 0.1128 0.1118 0.1104 0.1090 0.1078 0.1070 0.1067 0.1068 0.1072 0.1077 0.1080 0.1081
0.1179 0.1173 0.1159 0.1141 0.1121 0.1105 0.1095 0.1090 0.1091 0.1095 0.1100 0.1104 0.1106
0.1235 0.1228 0.1210 0.1184 0.1159 0.1138 0.1124 0.1117 0.1117 0.1121 0.1127 0.1131 0.1133
0.1302 0.1294 0.1270 0.1237 0.1204 0.1176 0.1157 0.1148 0.1147 0.1151 0.1157 0.1163 0.1165
0.1385 0.1373 0.1341 0.1299 0.1257 0.1221 0.1196 0.1183 0.1181 0.1184 0.1191 0.1197 0.1199
0.1483 0.1468 0.1428 0.1373 0.1318 0.1273 0.1242 0.1224 0.1220 0.1223 0.1230 0.1237 0.1239
0.1602 0.1582 0.1530 0.1460 0.1390 0.1333 0.1293 0.1271 0.1265 0.1268 0.1275 0.1282 0.1284
0.1743 0.1718 0.1651 0.1563 0.1475 0.1403 0.1354 0.1326 0.1316 0.1317 0.1325 0.1332 0.1334
