0.0956 0.0956 0.0956 0.0956 0.0956 0.0956 0.0956 0.0956 0.0956 0.0956 0.0956 0.0956 0.0956
0.0957 0.0957 0.0957 0.0957 0.0957 0.0957 0.0957 0.0957 0.0957 0.0958 0.0958 0.0958 0.0958
0.0961 0.0961 0.0960 0.0960 0.0960 0.0960 0.0960 0.0960 0.0961 0.0961 0.0962 0.0962 0.0962
0.0967 0.0967 0.0966 0.0966 0.0965 0.0964 0.0964 0.0964 0.0965 0.0966 0.0967 0.0968 0.0968
0.0977 0.0977 0.0975 0.0974 0.0972 0.0971 0.0970 0.0970 0.0971 0.0973 0.0974 0.0975 0.0976
0.0991 0.0990 0.0988 0.0985 0.0982 0.0980 0.0978 0.0978 0.0980 0.0981 0.0983 0.0985 0.0985
0.1009 0.1008 0.1004 0.0999 0.0995 0.0991 0.0988 0.0988 0.0989 0.0991 0.0994 0.0996 0.0997
0.1031 0.1030 0.1025 0.1018 0.1011 0.1004 0.1001 0.0999 0.1001 0.1003 0.1006 0.1009 0.1009
0.1060 0.1057 0.1050 0.1040 0.1030 0.1021 0.1015 0.1013 0.1014 0.1017 0.1020 0.1023 0.1024
0.1094 0.1091 0.1082 0.1068 0.1054 0.1041 0.1033 0.1029 0.1029 0.1032 0.1036 0.1039 0.1041
0.1136 0.1131 0.1119 0.1101 0.1082 0.1065 0.1054 0.1047 0.1047 0.1049 0.1054 0.1057 0.1059
0.1189 0.1182 0.1165 0.1141 0.1116 0.1093 0.1077 0.1068 0.1066 0.1069 0.1073 0.1077 0.1079
0.1250 0.1242 0.1219 0.1188 0.1155 0.1126 0.1105 0.1092 0.1088 0.1090 0.1094 0.1098 0.1100
0.1323 0.1312 0.1283 0.1244 0.1201 0.1164 0.1137 0.1120 0.1113 0.1114 0.1118 0.1122 0.1124
0.1410 0.1397 0.1360 0.1309 0.1255 0.1208 0.1173 0.1151 0.1141 0.1140 0.1144 0.1147 0.1149
0.1514 0.1497 0.1449 0.1385 0.1318 0.1258 0.1214 0.1186 0.1172 0.1169 0.1172 0.1176 0.1177
0.1637 0.1615 0.1556 0.1475 0.1390 0.1316 0.1261 0.1225 0.1207 0.1201 0.1203 0.1206 0.1208
