0.1194 0.1194 0.1194 0.1194 0.1194 0.1194 0.1194 0.1194 0.1194 0.1194 0.1194 0.1194 0.1194
0.1193 0.1193 0.1193 0.1193 0.1193 0.1193 0.1193 0.1193 0.1193 0.1193 0.1193 0.1193 0.1193
0.1191 0.1191 0.1191 0.1191 0.1191 0.1191 0.1191 0.1191 0.1191 0.1191 0.1191 0.1191 0.1191
0.1188 0.1188 0.1188 0.1188 0.1188 0.1188 0.1188 0.1188 0.1188 0.1188 0.1188 0.1188 0.1188
0.1185 0.1185 0.1185 0.1185 0.1185 0.1185 0.1185 0.1185 0.1185 0.1185 0.1185 0.1185 0.1185
0.1181 0.1181 0.1181 0.1181 0.1181 0.1181 0.1181 0.1181 0.1181 0.1181 0.1181 0.1181 0.1181
0.1177 0.1177 0.1177 0.1177 0.1177 0.1177 0.1177 0.1177 0.1177 0.1177 0.1177 0.1177 0.1177
0.1172 0.1172 0.1172 0.1172 0.1172 0.1172 0.1172 0.1172 0.1172 0.1172 0.1172 0.1172 0.1172
0.1166 0.1166 0.1166 0.1166 0.1166 0.1166 0.1166 0.1166 0.1166 0.1166 0.1166 0.1166 0.1166
0.1161 0.1161 0.1161 0.1161 0.1161 0.1161 0.1161 0.1161 0.1161 0.1161 0.1161 0.1161 0.1161
0.1155 0.1155 0.1155 0.1155 0.1155 0.1155 0.1155 0.1155 0.1155 0.1155 0.1155 0.1155 0.1155
0.1150 0.1150 0.1150 0.1150 0.1150 0.1150 0.1150 0.1150 0.1150 0.1150 0.1150 0.1150 0.1150
0.1145 0.1145 0.1145 0.1145 0.1145 0.1145 0.1145 0.1145 0.1145 0.1145 0.1145 0.1145 0.1145
0.1140 0.1140 0.1140 0.1140 0.1140 0.1140 0.1140 0.1140 0.1140 0.1140 0.1140 0.1140 0.1140
0.1137 0.1137 0.1137 0.1137 0.1137 0.1137 0.1137 0.1137 0.1137 0.1137 0.1137 0.1137 0.1137
0.1135 0.1135 0.1135 0.1135 0.1135 0.1135 0.1135 0.1135 0.1135 0.1135 0.1135 0.1135 0.1135
0.1135 0.1135 0.1135 0.1135 0.1135 0.1135 0.1135 0.1135 0.1135 0.1135 0.1135 0.1135 0.1135
