0.1011 0.1011 0.1011 0.1011 0.1011 0.1011 0.1011 0.1011 0.1011 0.1011 0.1011 0.1011 0.1011
0.1000 0.1001 0.1002 0.1004 0.1006 0.1009 0.1012 0.1015 0.1018 0.1020 0.1022 0.1023 0.1024
0.0992 0.0993 0.0995 0.0999 0.1002 0.1008 0.1013 0.1019 0.1024 0.1029 0.1032 0.1035 0.1036
0.0985 0.0986 0.0989 0.0993 0.0999 0.1007 0.1014 0.1023 0.1031 0.1038 0.1044 0.1048 0.1049
0.0980 0.0981 0.0984 0.0989 0.0998 0.1007 0.1017 0.1028 0.1039 0.1049 0.1056 0.1060 0.1062
0.0977 0.0978 0.0981 0.0988 0.0997 0.1008 0.1019 0.1033 0.1047 0.1059 0.1069 0.1075 0.1078
0.0975 0.0976 0.0980 0.0987 0.0997 0.1009 0.1024 0.1039 0.1056 0.1070 0.1082 0.1090 0.1093
0.0976 0.0977 0.0981 0.0989 0.0999 0.1012 0.1029 0.1047 0.1066 0.1083 0.1097 0.1106 0.1109
0.0979 0.0981 0.0985 0.0992 0.1002 0.1017 0.1035 0.1055 0.1076 0.1096 0.1111 0.1122 0.1126
0.0986 0.0988 0.0991 0.0998 0.1009 0.1023 0.1042 0.1064 0.1088 0.1109 0.1128 0.1139 0.1144
0.0998 0.0998 0.1000 0.1006 0.1016 0.1031 0.1050 0.1074 0.1099 0.1124 0.1144 0.1158 0.1162
0.1012 0.1012 0.1014 0.1018 0.1027 0.1040 0.1061 0.1086 0.1113 0.1139 0.1161 0.1176 0.1181
0.1030 0.1030 0.1030 0.1033 0.1039 0.1053 0.1073 0.1099 0.1128 0.1156 0.1179 0.1196 0.1201
0.1056 0.1055 0.1053 0.1052 0.1057 0.1068 0.1087 0.1113 0.1143 0.1173 0.1199 0.1216 0.1222
0.1087 0.1085 0.1080 0.1076 0.1077 0.1086 0.1103 0.1129 0.1160 0.1192 0.1219 0.1238 0.1244
0.1126 0.1122 0.1114 0.1105 0.1101 0.1107 0.1123 0.1148 0.1179 0.1212 0.1241 0.1260 0.1268
0.1172 0.1168 0.1155 0.1140 0.1131 0.1132 0.1145 0.1169 0.1200 0.1234 0.1264 0.1285 0.1292
