0.0986 0.0986 0.0986 0.0986 0.0986 0.0986 0.0986 0.0986 0.0986 0.0986 0.0986 0.0986 0.0986
0.0991 0.0990 0.0990 0.0989 0.0989 0.0988 0.0988 0.0987 0.0987 0.0986 0.0986 0.0986 0.0986
0.0998 0.0998 0.0997 0.0995 0.0994 0.0992 0.0991 0.0990 0.0989 0.0989 0.0989 0.0989 0.0989
0.1009 0.1009 0.1007 0.1004 0.1001 0.0998 0.0996 0.0995 0.0994 0.0994 0.0994 0.0994 0.0994
0.1025 0.1024 0.1021 0.1016 0.1012 0.1007 0.1004 0.1002 0.1001 0.1001 0.1001 0.1002 0.1002
0.1046 0.1044 0.1039 0.1033 0.1026 0.1019 0.1014 0.1011 0.1009 0.1010 0.1011 0.1012 0.1013
0.1072 0.1070 0.1063 0.1054 0.1043 0.1034 0.1026 0.1022 0.1020 0.1021 0.1023 0.1024 0.1025
0.1106 0.1102 0.1092 0.1079 0.1065 0.1051 0.1041 0.1036 0.1034 0.1035 0.1037 0.1039 0.1040
0.1147 0.1142 0.1129 0.1110 0.1091 0.1073 0.1060 0.1052 0.1049 0.1050 0.1053 0.1056 0.1057
0.1197 0.1191 0.1173 0.1148 0.1122 0.1099 0.1081 0.1071 0.1067 0.1068 0.1072 0.1075 0.1076
0.1258 0.1250 0.1226 0.1193 0.1159 0.1129 0.1106 0.1092 0.1088 0.1089 0.1092 0.1096 0.1097
0.1332 0.1321 0.1290 0.1248 0.1203 0.1164 0.1135 0.1118 0.1111 0.1111 0.1115 0.1120 0.1121
0.1421 0.1406 0.1366 0.1312 0.1255 0.1205 0.1169 0.1147 0.1137 0.1137 0.1141 0.1146 0.1148
0.1527 0.1509 0.1458 0.1388 0.1316 0.1253 0.1207 0.1179 0.1166 0.1165 0.1169 0.1174 0.1177
0.1656 0.1631 0.1566 0.1477 0.1386 0.1308 0.1251 0.1216 0.1200 0.1196 0.1200 0.1206 0.1208
0.1808 0.1778 0.1694 0.1583 0.1469 0.1372 0.1301 0.1258 0.1236 0.1231 0.1235 0.1240 0.1242
0.1991 0.1951 0.1847 0.1706 0.1564 0.1445 0.1358 0.1304 0.1278 0.1270 0.1273 0.1278 0.1280
