0.0977 0.0977 0.0977 0.0977 0.0977 0.0977 0.0977 0.0977 0.0977 0.0977 0.0977 0.0977 0.0977
0.0970 0.0971 0.0971 0.0972 0.0974 0.0975 0.0977 0.0979 0.0981 0.0982 0.0983 0.0984 0.0984
0.0966 0.0966 0.0967 0.0969 0.0972 0.0975 0.0978 0.0981 0.0984 0.0987 0.0989 0.0991 0.0991
0.0962 0.0963 0.0965 0.0967 0.0971 0.0975 0.0980 0.0984 0.0989 0.0993 0.0997 0.0999 0.0999
0.0961 0.0961 0.0963 0.0966 0.0971 0.0976 0.0982 0.0988 0.0995 0.1000 0.1004 0.1007 0.1008
0.0960 0.0961 0.0963 0.0967 0.0972 0.0978 0.0985 0.0993 0.1001 0.1007 0.1013 0.1017 0.1018
0.0962 0.0963 0.0965 0.0968 0.0974 0.0981 0.0989 0.0998 0.1007 0.1015 0.1022 0.1026 0.1028
0.0966 0.0967 0.0968 0.0972 0.0978 0.0985 0.0994 0.1004 0.1015 0.1024 0.1032 0.1037 0.1039
0.0972 0.0973 0.0974 0.0977 0.0983 0.0991 0.1001 0.1012 0.1023 0.1034 0.1042 0.1048 0.1050
0.0980 0.0980 0.0982 0.0985 0.0990 0.0998 0.1008 0.1020 0.1032 0.1044 0.1054 0.1060 0.1062
0.0991 0.0991 0.0993 0.0995 0.1000 0.1007 0.1017 0.1030 0.1043 0.1055 0.1066 0.1073 0.1075
0.1006 0.1006 0.1007 0.1008 0.1012 0.1019 0.1028 0.1041 0.1054 0.1067 0.1079 0.1086 0.1089
0.1026 0.1026 0.1025 0.1025 0.1027 0.1033 0.1041 0.1053 0.1067 0.1081 0.1093 0.1101 0.1103
0.1051 0.1050 0.1048 0.1046 0.1046 0.1049 0.1057 0.1068 0.1082 0.1096 0.1108 0.1117 0.1119
0.1081 0.1079 0.1075 0.1071 0.1068 0.1069 0.1075 0.1085 0.1098 0.1112 0.1125 0.1133 0.1137
0.1118 0.1116 0.1109 0.1101 0.1095 0.1093 0.1096 0.1104 0.1117 0.1130 0.1143 0.1152 0.1155
0.1163 0.1159 0.1150 0.1137 0.1126 0.1120 0.1120 0.1126 0.1137 0.1151 0.1163 0.1172 0.1175
