0.0912 0.0912 0.0912 0.0912 0.0912 0.0912 0.0912 0.0912 0.0912 0.0912 0.0912 0.0912 0.0912
0.0913 0.0913 0.0913 0.0913 0.0913 0.0913 0.0913 0.0913 0.0913 0.0913 0.0913 0.0913 0.0913
0.0914 0.0914 0.0914 0.0914 0.0914 0.0914 0.0914 0.0914 0.0914 0.0914 0.0914 0.0914 0.0914
0.0917 0.0917 0.0917 0.0917 0.0917 0.0917 0.0917 0.0917 0.0917 0.0917 0.0917 0.0917 0.0917
0.0923 0.0923 0.0923 0.0923 0.0923 0.0923 0.0923 0.0923 0.0923 0.0923 0.0923 0.0923 0.0923
0.0930 0.0930 0.0930 0.0930 0.0930 0.0930 0.0930 0.0930 0.0930 0.0930 0.0930 0.0930 0.0930
0.0938 0.0938 0.0938 0.0938 0.0938 0.0938 0.0938 0.0938 0.0938 0.0938 0.0938 0.0938 0.0938
0.0949 0.0949 0.0949 0.0949 0.0949 0.0949 0.0949 0.0949 0.0949 0.0949 0.0949 0.0949 0.0949
0.0962 0.0962 0.0962 0.0962 0.0962 0.0962 0.0962 0.0962 0.0962 0.0962 0.0962 0.0962 0.0962
0.0977 0.0977 0.0977 0.0977 0.0977 0.0977 0.0977 0.0977 0.0977 0.0977 0.0977 0.0977 0.0977
0.0994 0.0994 0.0994 0.0994 0.0994 0.0994 0.0994 0.0994 0.0994 0.0994 0.0994 0.0994 0.0994
0.1014 0.1014 0.1014 0.1014 0.1014 0.1014 0.1014 0.1014 0.1014 0.1014 0.1014 0.1014 0.1014
0.1037 0.1037 0.1037 0.1037 0.1037 0.1037 0.1037 0.1037 0.1037 0.1037 0.1037 0.1037 0.1037
0.1065 0.1065 0.1065 0.1065 0.1065 0.1065 0.1065 0.1065 0.1065 0.1065 0.1065 0.1065 0.1065
0.1095 0.1095 0.1095 0.1095 0.1095 0.1095 0.1095 0.1095 0.1095 0.1095 0.1095 0.1095 0.1095
0.1130 0.1130 0.1130 0.1130 0.1130 0.1130 0.1130 0.1130 0.1130 0.1130 0.1130 0.1130 0.1130
0.1168 0.1168 0.1168 0.1168 0.1168 0.1168 0.1168 0.1168 0.1168 0.1168 0.1168 0.1168 0.1168
