0.0851 0.0851 0.0851 0.0851 0.0851 0.0851 0.0851 0.0851 0.0851 0.0851 0.0851 0.0851 0.0851
0.0850 0.0850 0.0850 0.0850 0.0850 0.0850 0.0850 0.0850 0.0850 0.0850 0.0850 0.0850 0.0850
0.0846 0.0846 0.0846 0.0846 0.0846 0.0846 0.0846 0.0846 0.0846 0.0846 0.0846 0.0846 0.0846
0.0846 0.0846 0.0846 0.0846 0.0846 0.0846 0.0846 0.0846 0.0846 0.0846 0.0846 0.0846 0.0846
0.0848 0.0848 0.0848 0.0848 0.0848 0.0848 0.0848 0.0848 0.0848 0.0848 0.0848 0.0848 0.0848
0.0849 0.0849 0.0849 0.0849 0.0849 0.0849 0.0849 0.0849 0.0849 0.0849 0.0849 0.0849 0.0849
0.0852 0.0852 0.0852 0.0852 0.0852 0.0852 0.0852 0.0852 0.0852 0.0852 0.0852 0.0852 0.0852
0.0855 0.0855 0.0855 0.0855 0.0855 0.0855 0.0855 0.0855 0.0855 0.0855 0.0855 0.0855 0.0855
0.0859 0.0859 0.0859 0.0859 0.0859 0.0859 0.0859 0.0859 0.0859 0.0859 0.0859 0.0859 0.0859
0.0865 0.0865 0.0865 0.0865 0.0865 0.0865 0.0865 0.0865 0.0865 0.0865 0.0865 0.0865 0.0865
0.0871 0.0871 0.0871 0.0871 0.0871 0.0871 0.0871 0.0871 0.0871 0.0871 0.0871 0.0871 0.0871
0.0879 0.0879 0.0879 0.0879 0.0879 0.0879 0.0879 0.0879 0.0879 0.0879 0.0879 0.0879 0.0879
0.0889 0.0889 0.0889 0.0889 0.0889 0.0889 0.0889 0.0889 0.0889 0.0889 0.0889 0.0889 0.0889
0.0902 0.0902 0.0902 0.0902 0.0902 0.0902 0.0902 0.0902 0.0902 0.0902 0.0902 0.0902 0.0902
0.0917 0.0917 0.0917 0.0917 0.0917 0.0917 0.0917 0.0917 0.0917 0.0917 0.0917 0.0917 0.0917
0.0936 0.0936 0.0936 0.0936 0.0936 0.0936 0.0936 0.0936 0.0936 0.0936 0.0936 0.0936 0.0936
0.0960 0.0960 0.0960 0.0960 0.0960 0.0960 0.0960 0.0960 0.0960 0.0960 0.0960 0.0960 0.0960
