0.0940 0.0940 0.0940 0.0940 0.0940 0.0940 0.0940 0.0940 0.0940 0.0940 0.0940 0.0940 0.0940
0.0943 0.0943 0.0942 0.0942 0.0942 0.0942 0.0941 0.0941 0.0941 0.0940 0.0940 0.0940 0.0940
0.0947 0.0947 0.0947 0.0946 0.0945 0.0945 0.0944 0.0943 0.0943 0.0942 0.0942 0.0942 0.0942
0.0955 0.0954 0.0954 0.0952 0.0951 0.0950 0.0949 0.0948 0.0947 0.0946 0.0946 0.0946 0.0946
0.0965 0.0964 0.0963 0.0961 0.0959 0.0957 0.0955 0.0954 0.0953 0.0952 0.0952 0.0952 0.0952
0.0978 0.0978 0.0976 0.0973 0.0970 0.0967 0.0964 0.0962 0.0960 0.0960 0.0959 0.0959 0.0959
0.0995 0.0994 0.0992 0.0988 0.0983 0.0979 0.0975 0.0972 0.0970 0.0969 0.0968 0.0968 0.0969
0.1016 0.1015 0.1011 0.1006 0.1000 0.0993 0.0988 0.0984 0.0981 0.0980 0.0979 0.0979 0.0980
0.1042 0.1040 0.1035 0.1028 0.1019 0.1011 0.1004 0.0999 0.0995 0.0993 0.0992 0.0992 0.0992
0.1072 0.1070 0.1063 0.1054 0.1043 0.1032 0.1023 0.1016 0.1011 0.1008 0.1007 0.1006 0.1006
0.1108 0.1105 0.1097 0.1085 0.1071 0.1057 0.1045 0.1035 0.1029 0.1025 0.1024 0.1023 0.1023
0.1150 0.1147 0.1136 0.1121 0.1103 0.1085 0.1070 0.1058 0.1050 0.1045 0.1042 0.1041 0.1041
0.1200 0.1195 0.1182 0.1162 0.1140 0.1118 0.1099 0.1084 0.1073 0.1067 0.1063 0.1062 0.1062
0.1257 0.1251 0.1234 0.1211 0.1183 0.1156 0.1132 0.1113 0.1099 0.1091 0.1087 0.1085 0.1084
0.1324 0.1316 0.1296 0.1267 0.1232 0.1199 0.1169 0.1145 0.1129 0.1118 0.1113 0.1110 0.1109
0.1401 0.1393 0.1366 0.1330 0.1288 0.1246 0.1211 0.1182 0.1162 0.1149 0.1141 0.1138 0.1137
0.1490 0.1478 0.1447 0.1402 0.1351 0.1301 0.1258 0.1223 0.1198 0.1182 0.1173 0.1168 0.1167
