0.1024 0.1024 0.1024 0.1024 0.1024 0.1024 0.1024 0.1024 0.1024 0.1024 0.1024 0.1024 0.1024
0.1035 0.1034 0.1033 0.1032 0.1030 0.1028 0.1026 0.1024 0.1022 0.1020 0.1019 0.1018 0.1018
0.1047 0.1046 0.1045 0.1042 0.1038 0.1034 0.1030 0.1026 0.1022 0.1019 0.1017 0.1016 0.1015
0.1064 0.1062 0.1060 0.1056 0.1050 0.1044 0.1038 0.1032 0.1026 0.1022 0.1018 0.1016 0.1016
0.1085 0.1084 0.1079 0.1073 0.1066 0.1057 0.1048 0.1040 0.1033 0.1027 0.1023 0.1020 0.1019
0.1111 0.1109 0.1104 0.1095 0.1085 0.1073 0.1062 0.1052 0.1042 0.1035 0.1030 0.1026 0.1025
0.1143 0.1139 0.1132 0.1122 0.1108 0.1094 0.1079 0.1066 0.1055 0.1046 0.1039 0.1035 0.1034
0.1180 0.1176 0.1167 0.1153 0.1136 0.1117 0.1100 0.1084 0.1070 0.1059 0.1051 0.1047 0.1046
0.1222 0.1219 0.1206 0.1189 0.1169 0.1146 0.1125 0.1105 0.1089 0.1075 0.1067 0.1061 0.1060
0.1271 0.1266 0.1252 0.1232 0.1206 0.1180 0.1153 0.1130 0.1110 0.1095 0.1085 0.1078 0.1076
0.1328 0.1323 0.1306 0.1281 0.1250 0.1218 0.1186 0.1157 0.1134 0.1117 0.1105 0.1097 0.1095
0.1394 0.1387 0.1366 0.1336 0.1299 0.1260 0.1223 0.1189 0.1163 0.1143 0.1128 0.1119 0.1117
0.1469 0.1460 0.1436 0.1399 0.1355 0.1308 0.1264 0.1226 0.1194 0.1170 0.1154 0.1145 0.1142
0.1553 0.1543 0.1513 0.1470 0.1418 0.1363 0.1311 0.1266 0.1229 0.1202 0.1183 0.1172 0.1169
0.1648 0.1636 0.1601 0.1549 0.1488 0.1423 0.1363 0.1310 0.1267 0.1236 0.1214 0.1203 0.1199
0.1755 0.1741 0.1699 0.1637 0.1565 0.1490 0.1419 0.1358 0.1309 0.1273 0.1249 0.1234 0.1230
0.1875 0.1857 0.1807 0.1735 0.1649 0.1563 0.1480 0.1411 0.1355 0.1314 0.1286 0.1270 0.1265
