0.0968 0.0968 0.0968 0.0968 0.0968 0.0968 0.0968 0.0968 0.0968 0.0968 0.0968 0.0968 0.0968
0.0968 0.0968 0.0968 0.0968 0.0968 0.0968 0.0969 0.0969 0.0970 0.0970 0.0970 0.0970 0.0971
0.0971 0.0971 0.0970 0.0970 0.0970 0.0971 0.0971 0.0972 0.0973 0.0974 0.0974 0.0975 0.0975
0.0976 0.0976 0.0976 0.0975 0.0975 0.0975 0.0975 0.0976 0.0978 0.0979 0.0980 0.0981 0.0982
0.0985 0.0984 0.0984 0.0983 0.0982 0.0981 0.0982 0.0983 0.0984 0.0987 0.0988 0.0990 0.0990
0.0997 0.0997 0.0995 0.0993 0.0991 0.0990 0.0989 0.0991 0.0993 0.0995 0.0998 0.1000 0.1000
0.1013 0.1012 0.1010 0.1006 0.1003 0.1000 0.0999 0.1000 0.1003 0.1006 0.1009 0.1011 0.1012
0.1034 0.1033 0.1029 0.1023 0.1018 0.1014 0.1012 0.1012 0.1014 0.1018 0.1022 0.1025 0.1026
0.1060 0.1058 0.1053 0.1045 0.1037 0.1030 0.1026 0.1026 0.1028 0.1032 0.1036 0.1039 0.1041
0.1092 0.1090 0.1082 0.1071 0.1059 0.1049 0.1043 0.1042 0.1043 0.1048 0.1052 0.1056 0.1058
0.1131 0.1127 0.1117 0.1102 0.1086 0.1072 0.1063 0.1060 0.1061 0.1065 0.1070 0.1075 0.1076
0.1180 0.1174 0.1159 0.1139 0.1118 0.1099 0.1087 0.1081 0.1081 0.1085 0.1090 0.1095 0.1097
0.1236 0.1230 0.1210 0.1183 0.1155 0.1131 0.1113 0.1105 0.1103 0.1107 0.1112 0.1117 0.1119
0.1304 0.1295 0.1270 0.1235 0.1199 0.1167 0.1144 0.1132 0.1128 0.1131 0.1136 0.1141 0.1143
0.1384 0.1372 0.1340 0.1296 0.1249 0.1209 0.1179 0.1162 0.1156 0.1157 0.1162 0.1167 0.1169
0.1478 0.1464 0.1423 0.1367 0.1308 0.1257 0.1219 0.1196 0.1186 0.1186 0.1191 0.1195 0.1197
0.1591 0.1572 0.1521 0.1450 0.1376 0.1312 0.1264 0.1235 0.1221 0.1218 0.1222 0.1227 0.1228
