0.0948 0.0948 0.0948 0.0948 0.0948 0.0948 0.0948 0.0948 0.0948 0.0948 0.0948 0.0948 0.0948
0.0943 0.0943 0.0944 0.0945 0.0946 0.0947 0.0948 0.0949 0.0950 0.0951 0.0952 0.0953 0.0953
0.0938 0.0938 0.0940 0.0942 0.0944 0.0946 0.0949 0.0950 0.0952 0.0955 0.0956 0.0958 0.0958
0.0932 0.0933 0.0938 0.0939 0.0942 0.0945 0.0949 0.0951 0.0955 0.0958 0.0960 0.0962 0.0963
0.0929 0.0930 0.0934 0.0937 0.0940 0.0944 0.0949 0.0953 0.0957 0.0961 0.0964 0.0967 0.0968
0.0928 0.0929 0.0932 0.0935 0.0938 0.0944 0.0949 0.0954 0.0960 0.0964 0.0968 0.0970 0.0971
0.0927 0.0928 0.0930 0.0934 0.0938 0.0944 0.0950 0.0957 0.0962 0.0968 0.0972 0.0975 0.0976
0.0926 0.0927 0.0929 0.0933 0.0938 0.0944 0.0951 0.0959 0.0965 0.0971 0.0976 0.0980 0.0981
0.0926 0.0927 0.0929 0.0933 0.0938 0.0946 0.0953 0.0960 0.0969 0.0975 0.0981 0.0984 0.0985
0.0927 0.0928 0.0931 0.0935 0.0940 0.0948 0.0956 0.0964 0.0972 0.0980 0.0986 0.0989 0.0991
0.0930 0.0931 0.0934 0.0938 0.0943 0.0950 0.0959 0.0968 0.0976 0.0984 0.0991 0.0995 0.0996
0.0936 0.0937 0.0938 0.0942 0.0949 0.0955 0.0963 0.0972 0.0981 0.0990 0.0997 0.1002 0.1003
0.0944 0.0944 0.0947 0.0949 0.0955 0.0961 0.0970 0.0979 0.0988 0.0997 0.1003 0.1008 0.1010
0.0954 0.0954 0.0956 0.0960 0.0964 0.0970 0.0978 0.0987 0.0996 0.1004 0.1012 0.1016 0.1018
0.0969 0.0969 0.0970 0.0971 0.0976 0.0981 0.0988 0.0996 0.1005 0.1013 0.1021 0.1026 0.1027
0.0987 0.0987 0.0987 0.0989 0.0991 0.0995 0.1002 0.1009 0.1017 0.1025 0.1033 0.1037 0.1038
0.1010 0.1010 0.1009 0.1010 0.1010 0.1013 0.1017 0.1024 0.1032 0.1039 0.1046 0.1050 0.1052
