0.0971 0.0971 0.0971 0.0971 0.0971 0.0971 0.0971 0.0971 0.0971 0.0971 0.0971 0.0971 0.0971
0.0970 0.0970 0.0970 0.0970 0.0970 0.0970 0.0970 0.0970 0.0970 0.0970 0.0970 0.0970 0.0970
0.0972 0.0972 0.0972 0.0972 0.0972 0.0972 0.0972 0.0972 0.0972 0.0972 0.0972 0.0972 0.0972
0.0973 0.0973 0.0973 0.0973 0.0973 0.0973 0.0973 0.0973 0.0973 0.0973 0.0973 0.0973 0.0973
0.0974 0.0974 0.0974 0.0974 0.0974 0.0974 0.0974 0.0974 0.0974 0.0974 0.0974 0.0974 0.0974
0.0975 0.0975 0.0975 0.0975 0.0975 0.0975 0.0975 0.0975 0.0975 0.0975 0.0975 0.0975 0.0975
0.0977 0.0977 0.0977 0.0977 0.0977 0.0977 0.0977 0.0977 0.0977 0.0977 0.0977 0.0977 0.0977
0.0980 0.0980 0.0980 0.0980 0.0980 0.0980 0.0980 0.0980 0.0980 0.0980 0.0980 0.0980 0.0980
0.0983 0.0983 0.0983 0.0983 0.0983 0.0983 0.0983 0.0983 0.0983 0.0983 0.0983 0.0983 0.0983
0.0987 0.0987 0.0987 0.0987 0.0987 0.0987 0.0987 0.0987 0.0987 0.0987 0.0987 0.0987 0.0987
0.0993 0.0993 0.0993 0.0993 0.0993 0.0993 0.0993 0.0993 0.0993 0.0993 0.0993 0.0993 0.0993
0.1000 0.1000 0.1000 0.1000 0.1000 0.1000 0.1000 0.1000 0.1000 0.1000 0.1000 0.1000 0.1000
0.1008 0.1008 0.1008 0.1008 0.1008 0.1008 0.1008 0.1008 0.1008 0.1008 0.1008 0.1008 0.1008
0.1019 0.1019 0.1019 0.1019 0.1019 0.1019 0.1019 0.1019 0.1019 0.1019 0.1019 0.1019 0.1019
0.1032 0.1032 0.1032 0.1032 0.1032 0.1032 0.1032 0.1032 0.1032 0.1032 0.1032 0.1032 0.1032
0.1048 0.1048 0.1048 0.1048 0.1048 0.1048 0.1048 0.1048 0.1048 0.1048 0.1048 0.1048 0.1048
0.1067 0.1067 0.1067 0.1067 0.1067 0.1067 0.1067 0.1067 0.1067 0.1067 0.1067 0.1067 0.1067
