0.0936 0.0936 0.0936 0.0936 0.0936 0.0936 0.0936 0.0936 0.0936 0.0936 0.0936 0.0936 0.0936
0.0927 0.0927 0.0928 0.0930 0.0932 0.0934 0.0936 0.0938 0.0941 0.0943 0.0944 0.0945 0.0946
0.0921 0.0922 0.0923 0.0926 0.0929 0.0933 0.0937 0.0942 0.0946 0.0950 0.0953 0.0955 0.0955
0.0916 0.0917 0.0919 0.0922 0.0927 0.0933 0.0939 0.0946 0.0952 0.0958 0.0963 0.0966 0.0967
0.0913 0.0913 0.0916 0.0920 0.0926 0.0933 0.0942 0.0950 0.0959 0.0967 0.0973 0.0977 0.0979
0.0911 0.0912 0.0914 0.0919 0.0926 0.0935 0.0945 0.0956 0.0967 0.0977 0.0985 0.0990 0.0992
0.0910 0.0912 0.0915 0.0920 0.0928 0.0938 0.0949 0.0962 0.0976 0.0988 0.0998 0.1004 0.1007
0.0912 0.0913 0.0917 0.0922 0.0930 0.0941 0.0955 0.0970 0.0985 0.1000 0.1012 0.1019 0.1022
0.0916 0.0917 0.0920 0.0926 0.0935 0.0946 0.0961 0.0978 0.0996 0.1013 0.1026 0.1035 0.1038
0.0923 0.0924 0.0926 0.0932 0.0940 0.0953 0.0969 0.0987 0.1007 0.1026 0.1042 0.1052 0.1056
0.0932 0.0933 0.0935 0.0940 0.0948 0.0961 0.0978 0.0998 0.1020 0.1041 0.1059 0.1070 0.1075
0.0944 0.0945 0.0946 0.0950 0.0958 0.0970 0.0988 0.1010 0.1034 0.1057 0.1077 0.1090 0.1094
0.0960 0.0960 0.0960 0.0963 0.0969 0.0982 0.1000 0.1023 0.1049 0.1075 0.1096 0.1111 0.1116
0.0979 0.0979 0.0978 0.0979 0.0984 0.0995 0.1014 0.1038 0.1066 0.1093 0.1117 0.1133 0.1138
0.1003 0.1002 0.0999 0.0998 0.1001 0.1012 0.1030 0.1055 0.1084 0.1114 0.1139 0.1156 0.1163
0.1032 0.1030 0.1025 0.1021 0.1022 0.1030 0.1048 0.1074 0.1104 0.1136 0.1163 0.1182 0.1189
0.1066 0.1063 0.1056 0.1048 0.1046 0.1052 0.1069 0.1095 0.1127 0.1160 0.1189 0.1209 0.1216
