0.0945 0.0945 0.0945 0.0945 0.0945 0.0945 0.0945 0.0945 0.0945 0.0945 0.0945 0.0945 0.0945
0.0945 0.0945 0.0945 0.0945 0.0945 0.0945 0.0945 0.0945 0.0945 0.0945 0.0945 0.0945 0.0945
0.0948 0.0948 0.0948 0.0948 0.0948 0.0948 0.0948 0.0948 0.0948 0.0948 0.0948 0.0948 0.0948
0.0948 0.0948 0.0948 0.0948 0.0948 0.0948 0.0948 0.0948 0.0948 0.0948 0.0948 0.0948 0.0948
0.0948 0.0948 0.0948 0.0948 0.0948 0.0948 0.0948 0.0948 0.0948 0.0948 0.0948 0.0948 0.0948
0.0948 0.0948 0.0948 0.0948 0.0948 0.0948 0.0948 0.0948 0.0948 0.0948 0.0948 0.0948 0.0948
0.0948 0.0948 0.0948 0.0948 0.0948 0.0948 0.0948 0.0948 0.0948 0.0948 0.0948 0.0948 0.0948
0.0949 0.0949 0.0949 0.0949 0.0949 0.0949 0.0949 0.0949 0.0949 0.0949 0.0949 0.0949 0.0949
0.0950 0.0950 0.0950 0.0950 0.0950 0.0950 0.0950 0.0950 0.0950 0.0950 0.0950 0.0950 0.0950
0.0952 0.0952 0.0952 0.0952 0.0952 0.0952 0.0952 0.0952 0.0952 0.0952 0.0952 0.0952 0.0952
0.0955 0.0955 0.0955 0.0955 0.0955 0.0955 0.0955 0.0955 0.0955 0.0955 0.0955 0.0955 0.0955
0.0959 0.0959 0.0959 0.0959 0.0959 0.0959 0.0959 0.0959 0.0959 0.0959 0.0959 0.0959 0.0959
0.0964 0.0964 0.0964 0.0964 0.0964 0.0964 0.0964 0.0964 0.0964 0.0964 0.0964 0.0964 0.0964
0.0971 0.0971 0.0971 0.0971 0.0971 0.0971 0.0971 0.0971 0.0971 0.0971 0.0971 0.0971 0.0971
0.0980 0.0980 0.0980 0.0980 0.0980 0.0980 0.0980 0.0980 0.0980 0.0980 0.0980 0.0980 0.0980
0.0992 0.0992 0.0992 0.0992 0.0992 0.0992 0.0992 0.0992 0.0992 0.0992 0.0992 0.0992 0.0992
0.1007 0.1007 0.1007 0.1007 0.1007 0.1007 0.1007 0.1007 0.1007 0.1007 0.1007 0.1007 0.1007
