0.0958 0.0958 0.0958 0.0958 0.0958 0.0958 0.0958 0.0958 0.0958 0.0958 0.0958 0.0958 0.0958
0.0974 0.0973 0.0972 0.0969 0.0966 0.0963 0.0959 0.0956 0.0953 0.0950 0.0948 0.0947 0.0947
0.0993 0.0992 0.0989 0.0984 0.0977 0.0970 0.0964 0.0957 0.0951 0.0947 0.0944 0.0942 0.0941
0.1019 0.1017 0.1011 0.1003 0.0993 0.0982 0.0971 0.0962 0.0953 0.0947 0.0943 0.0941 0.0940
0.1050 0.1047 0.1039 0.1027 0.1012 0.0997 0.0982 0.0969 0.0958 0.0950 0.0946 0.0943 0.0942
0.1089 0.1085 0.1074 0.1057 0.1037 0.1016 0.0996 0.0979 0.0966 0.0957 0.0951 0.0948 0.0947
0.1137 0.1131 0.1116 0.1093 0.1066 0.1039 0.1014 0.0993 0.0977 0.0966 0.0959 0.0956 0.0954
0.1194 0.1186 0.1166 0.1137 0.1102 0.1067 0.1036 0.1010 0.0990 0.0978 0.0970 0.0967 0.0966
0.1263 0.1253 0.1227 0.1188 0.1144 0.1100 0.1061 0.1030 0.1007 0.0993 0.0985 0.0980 0.0979
0.1346 0.1333 0.1299 0.1249 0.1194 0.1140 0.1092 0.1054 0.1027 0.1011 0.1002 0.0997 0.0996
0.1445 0.1429 0.1385 0.1322 0.1252 0.1185 0.1127 0.1082 0.1051 0.1032 0.1021 0.1016 0.1015
0.1564 0.1543 0.1487 0.1408 0.1321 0.1238 0.1169 0.1115 0.1078 0.1056 0.1044 0.1039 0.1038
0.1706 0.1680 0.1609 0.1510 0.1401 0.1300 0.1216 0.1153 0.1109 0.1084 0.1070 0.1064 0.1063
0.1877 0.1844 0.1754 0.1629 0.1495 0.1372 0.1271 0.1196 0.1145 0.1115 0.1100 0.1093 0.1092
0.2083 0.2040 0.1926 0.1769 0.1603 0.1454 0.1334 0.1245 0.1186 0.1151 0.1133 0.1126 0.1125
0.2327 0.2274 0.2130 0.1934 0.1730 0.1548 0.1405 0.1300 0.1231 0.1191 0.1171 0.1162 0.1160
0.2620 0.2552 0.2372 0.2128 0.1877 0.1656 0.1485 0.1363 0.1283 0.1235 0.1212 0.1202 0.1199
