0.1016 0.1016 0.1016 0.1016 0.1016 0.1016 0.1016 0.1016 0.1016 0.1016 0.1016 0.1016 0.1016
0.1016 0.1016 0.1016 0.1016 0.1016 0.1016 0.1016 0.1016 0.1016 0.1016 0.1016 0.1016 0.1016
0.1016 0.1016 0.1016 0.1016 0.1016 0.1016 0.1016 0.1016 0.1016 0.1016 0.1016 0.1016 0.1016
0.1016 0.1016 0.1016 0.1016 0.1016 0.1016 0.1016 0.1016 0.1016 0.1016 0.1016 0.1016 0.1016
0.1017 0.1017 0.1017 0.1017 0.1017 0.1017 0.1017 0.1017 0.1017 0.1017 0.1017 0.1017 0.1017
0.1017 0.1017 0.1017 0.1017 0.1017 0.1017 0.1017 0.1017 0.1017 0.1017 0.1017 0.1017 0.1017
0.1018 0.1018 0.1018 0.1018 0.1018 0.1018 0.1018 0.1018 0.1018 0.1018 0.1018 0.1018 0.1018
0.1018 0.1018 0.1018 0.1018 0.1018 0.1018 0.1018 0.1018 0.1018 0.1018 0.1018 0.1018 0.1018
0.1020 0.1020 0.1020 0.1020 0.1020 0.1020 0.1020 0.1020 0.1020 0.1020 0.1020 0.1020 0.1020
0.1022 0.1022 0.1022 0.1022 0.1022 0.1022 0.1022 0.1022 0.1022 0.1022 0.1022 0.1022 0.1022
0.1025 0.1025 0.1025 0.1025 0.1025 0.1025 0.1025 0.1025 0.1025 0.1025 0.1025 0.1025 0.1025
0.1029 0.1029 0.1029 0.1029 0.1029 0.1029 0.1029 0.1029 0.1029 0.1029 0.1029 0.1029 0.1029
0.1034 0.1034 0.1034 0.1034 0.1034 0.1034 0.1034 0.1034 0.1034 0.1034 0.1034 0.1034 0.1034
0.1040 0.1040 0.1040 0.1040 0.1040 0.1040 0.1040 0.1040 0.1040 0.1040 0.1040 0.1040 0.1040
0.1048 0.1048 0.1048 0.1048 0.1048 0.1048 0.1048 0.1048 0.1048 0.1048 0.1048 0.1048 0.1048
0.1058 0.1058 0.1058 0.1058 0.1058 0.1058 0.1058 0.1058 0.1058 0.1058 0.1058 0.1058 0.1058
0.1070 0.1070 0.1070 0.1070 0.1070 0.1070 0.1070 0.1070 0.1070 0.1070 0.1070 0.1070 0.1070
