0.0910 0.0910 0.0910 0.0910 0.0910 0.0910 0.0910 0.0910 0.0910 0.0910 0.0910 0.0910 0.0910
0.0910 0.0910 0.0910 0.0910 0.0910 0.0910 0.0910 0.0910 0.0910 0.0910 0.0910 0.0910 0.0910
0.0910 0.0910 0.0910 0.0910 0.0910 0.0910 0.0910 0.0910 0.0910 0.0910 0.0910 0.0910 0.0910
0.0913 0.0913 0.0913 0.0913 0.0913 0.0913 0.0913 0.0913 0.0913 0.0913 0.0913 0.0913 0.0913
0.0916 0.0916 0.0916 0.0916 0.0916 0.0916 0.0916 0.0916 0.0916 0.0916 0.0916 0.0916 0.0916
0.0921 0.0921 0.0921 0.0921 0.0921 0.0921 0.0921 0.0921 0.0921 0.0921 0.0921 0.0921 0.0921
0.0927 0.0927 0.0927 0.0927 0.0927 0.0927 0.0927 0.0927 0.0927 0.0927 0.0927 0.0927 0.0927
0.0934 0.0934 0.0934 0.0934 0.0934 0.0934 0.0934 0.0934 0.0934 0.0934 0.0934 0.0934 0.0934
0.0943 0.0943 0.0943 0.0943 0.0943 0.0943 0.0943 0.0943 0.0943 0.0943 0.0943 0.0943 0.0943
0.0953 0.0953 0.0953 0.0953 0.0953 0.0953 0.0953 0.0953 0.0953 0.0953 0.0953 0.0953 0.0953
0.0966 0.0966 0.0966 0.0966 0.0966 0.0966 0.0966 0.0966 0.0966 0.0966 0.0966 0.0966 0.0966
0.0981 0.0981 0.0981 0.0981 0.0981 0.0981 0.0981 0.0981 0.0981 0.0981 0.0981 0.0981 0.0981
0.0998 0.0998 0.0998 0.0998 0.0998 0.0998 0.0998 0.0998 0.0998 0.0998 0.0998 0.0998 0.0998
0.1018 0.1018 0.1018 0.1018 0.1018 0.1018 0.1018 0.1018 0.1018 0.1018 0.1018 0.1018 0.1018
0.1042 0.1042 0.1042 0.1042 0.1042 0.1042 0.1042 0.1042 0.1042 0.1042 0.1042 0.1042 0.1042
0.1069 0.1069 0.1069 0.1069 0.1069 0.1069 0.1069 0.1069 0.1069 0.1069 0.1069 0.1069 0.1069
0.1100 0.1100 0.1100 0.1100 0.1100 0.1100 0.1100 0.1100 0.1100 0.1100 0.1100 0.1100 0.1100
