0.1045 0.1045 0.1045 0.1045 0.1045 0.1045 0.1045 0.1045 0.1045 0.1045 0.1045 0.1045 0.1045
0.1045 0.1045 0.1045 0.1045 0.1045 0.1045 0.1045 0.1045 0.1045 0.1045 0.1045 0.1045 0.1045
0.1045 0.1045 0.1045 0.1045 0.1045 0.1045 0.1045 0.1045 0.1045 0.1045 0.1045 0.1045 0.1045
0.1044 0.1044 0.1044 0.1044 0.1044 0.1044 0.1044 0.1044 0.1044 0.1044 0.1044 0.1044 0.1044
0.1044 0.1044 0.1044 0.1044 0.1044 0.1044 0.1044 0.1044 0.1044 0.1044 0.1044 0.1044 0.1044
0.1043 0.1043 0.1043 0.1043 0.1043 0.1043 0.1043 0.1043 0.1043 0.1043 0.1043 0.1043 0.1043
0.1043 0.1043 0.1043 0.1043 0.1043 0.1043 0.1043 0.1043 0.1043 0.1043 0.1043 0.1043 0.1043
0.1043 0.1043 0.1043 0.1043 0.1043 0.1043 0.1043 0.1043 0.1043 0.1043 0.1043 0.1043 0.1043
0.1043 0.1043 0.1043 0.1043 0.1043 0.1043 0.1043 0.1043 0.1043 0.1043 0.1043 0.1043 0.1043
0.1043 0.1043 0.1043 0.1043 0.1043 0.1043 0.1043 0.1043 0.1043 0.1043 0.1043 0.1043 0.1043
0.1045 0.1045 0.1045 0.1045 0.1045 0.1045 0.1045 0.1045 0.1045 0.1045 0.1045 0.1045 0.1045
0.1046 0.1046 0.1046 0.1046 0.1046 0.1046 0.1046 0.1046 0.1046 0.1046 0.1046 0.1046 0.1046
0.1049 0.1049 0.1049 0.1049 0.1049 0.1049 0.1049 0.1049 0.1049 0.1049 0.1049 0.1049 0.1049
0.1054 0.1054 0.1054 0.1054 0.1054 0.1054 0.1054 0.1054 0.1054 0.1054 0.1054 0.1054 0.1054
0.1059 0.1059 0.1059 0.1059 0.1059 0.1059 0.1059 0.1059 0.1059 0.1059 0.1059 0.1059 0.1059
0.1067 0.1067 0.1067 0.1067 0.1067 0.1067 0.1067 0.1067 0.1067 0.1067 0.1067 0.1067 0.1067
0.1077 0.1077 0.1077 0.1077 0.1077 0.1077 0.1077 0.1077 0.1077 0.1077 0.1077 0.1077 0.1077
