0.0928 0.0928 0.0928 0.0928 0.0928 0.0928 0.0928 0.0928 0.0928 0.0928 0.0928 0.0928 0.0928
0.0937 0.0936 0.0936 0.0934 0.0933 0.0931 0.0930 0.0928 0.0927 0.0926 0.0925 0.0924 0.0924
0.0948 0.0947 0.0945 0.0943 0.0940 0.0936 0.0933 0.0930 0.0928 0.0926 0.0925 0.0925 0.0924
0.0963 0.0963 0.0959 0.0955 0.0949 0.0944 0.0939 0.0935 0.0931 0.0929 0.0928 0.0928 0.0927
0.0985 0.0983 0.0978 0.0971 0.0962 0.0954 0.0947 0.0941 0.0937 0.0935 0.0934 0.0933 0.0933
0.1011 0.1009 0.1002 0.0991 0.0979 0.0967 0.0958 0.0950 0.0945 0.0943 0.0942 0.0942 0.0942
0.1045 0.1042 0.1031 0.1016 0.1000 0.0984 0.0971 0.0962 0.0956 0.0953 0.0953 0.0953 0.0954
0.1088 0.1083 0.1068 0.1047 0.1025 0.1004 0.0987 0.0976 0.0969 0.0966 0.0966 0.0967 0.0968
0.1140 0.1133 0.1113 0.1085 0.1056 0.1029 0.1007 0.0992 0.0984 0.0982 0.0982 0.0984 0.0984
0.1204 0.1194 0.1168 0.1132 0.1092 0.1058 0.1030 0.1012 0.1003 0.1000 0.1001 0.1003 0.1004
0.1283 0.1270 0.1235 0.1187 0.1136 0.1092 0.1058 0.1036 0.1024 0.1021 0.1022 0.1025 0.1026
0.1379 0.1362 0.1316 0.1253 0.1188 0.1132 0.1090 0.1063 0.1049 0.1045 0.1047 0.1049 0.1051
0.1497 0.1474 0.1414 0.1333 0.1250 0.1179 0.1127 0.1094 0.1077 0.1072 0.1074 0.1077 0.1079
0.1641 0.1611 0.1533 0.1428 0.1323 0.1235 0.1171 0.1131 0.1110 0.1104 0.1106 0.1109 0.1111
0.1817 0.1778 0.1677 0.1543 0.1409 0.1300 0.1221 0.1172 0.1147 0.1139 0.1141 0.1145 0.1148
0.2032 0.1982 0.1850 0.1679 0.1512 0.1376 0.1280 0.1220 0.1190 0.1180 0.1181 0.1185 0.1189
0.2294 0.2231 0.2061 0.1844 0.1633 0.1464 0.1347 0.1276 0.1239 0.1226 0.1227 0.1231 0.1234
