0.0979 0.0979 0.0979 0.0979 0.0979 0.0979 0.0979 0.0979 0.0979 0.0979 0.0979 0.0979 0.0979
0.0973 0.0973 0.0974 0.0975 0.0976 0.0978 0.0980 0.0981 0.0982 0.0984 0.0985 0.0985 0.0985
0.0970 0.0970 0.0971 0.0972 0.0975 0.0977 0.0981 0.0984 0.0986 0.0989 0.0990 0.0992 0.0992
0.0967 0.0967 0.0969 0.0971 0.0975 0.0978 0.0982 0.0987 0.0991 0.0994 0.0998 0.0999 0.1000
0.0966 0.0967 0.0968 0.0971 0.0975 0.0980 0.0985 0.0991 0.0996 0.1001 0.1005 0.1008 0.1008
0.0967 0.0967 0.0969 0.0972 0.0976 0.0982 0.0989 0.0996 0.1003 0.1009 0.1014 0.1018 0.1018
0.0970 0.0970 0.0971 0.0975 0.0980 0.0986 0.0994 0.1002 0.1010 0.1018 0.1023 0.1027 0.1028
0.0975 0.0975 0.0976 0.0980 0.0985 0.0991 0.0999 0.1008 0.1018 0.1027 0.1033 0.1038 0.1040
0.0981 0.0982 0.0983 0.0986 0.0991 0.0998 0.1007 0.1017 0.1027 0.1036 0.1044 0.1050 0.1051
0.0990 0.0991 0.0992 0.0994 0.0999 0.1006 0.1015 0.1026 0.1036 0.1047 0.1055 0.1061 0.1064
0.1003 0.1004 0.1004 0.1006 0.1010 0.1017 0.1025 0.1036 0.1048 0.1059 0.1068 0.1074 0.1077
0.1019 0.1019 0.1019 0.1021 0.1023 0.1029 0.1037 0.1048 0.1060 0.1072 0.1082 0.1089 0.1091
0.1041 0.1040 0.1039 0.1038 0.1040 0.1044 0.1051 0.1062 0.1073 0.1086 0.1096 0.1104 0.1106
0.1065 0.1064 0.1062 0.1059 0.1059 0.1061 0.1068 0.1078 0.1089 0.1102 0.1113 0.1120 0.1123
0.1096 0.1095 0.1091 0.1086 0.1082 0.1082 0.1087 0.1095 0.1106 0.1119 0.1130 0.1138 0.1141
0.1133 0.1131 0.1124 0.1116 0.1110 0.1106 0.1108 0.1115 0.1126 0.1138 0.1149 0.1157 0.1160
0.1177 0.1174 0.1165 0.1152 0.1142 0.1134 0.1133 0.1138 0.1147 0.1159 0.1170 0.1178 0.1181
