0.0967 0.0967 0.0967 0.0967 0.0967 0.0967 0.0967 0.0967 0.0967 0.0967 0.0967 0.0967 0.0967
0.0956 0.0956 0.0957 0.0959 0.0961 0.0964 0.0967 0.0970 0.0973 0.0975 0.0977 0.0978 0.0979
0.0948 0.0948 0.0950 0.0953 0.0957 0.0962 0.0967 0.0973 0.0978 0.0983 0.0987 0.0989 0.0990
0.0940 0.0941 0.0944 0.0948 0.0954 0.0961 0.0969 0.0977 0.0985 0.0992 0.0998 0.1001 0.1002
0.0935 0.0936 0.0939 0.0944 0.0952 0.0961 0.0971 0.0982 0.0992 0.1002 0.1009 0.1014 0.1015
0.0930 0.0932 0.0936 0.0942 0.0950 0.0961 0.0974 0.0987 0.1000 0.1012 0.1021 0.1027 0.1029
0.0928 0.0930 0.0934 0.0941 0.0950 0.0963 0.0977 0.0993 0.1008 0.1023 0.1034 0.1042 0.1044
0.0928 0.0929 0.0934 0.0941 0.0952 0.0965 0.0982 0.1000 0.1018 0.1034 0.1048 0.1056 0.1060
0.0930 0.0931 0.0936 0.0943 0.0954 0.0969 0.0988 0.1007 0.1028 0.1047 0.1062 0.1072 0.1075
0.0934 0.0936 0.0940 0.0948 0.0959 0.0975 0.0994 0.1016 0.1038 0.1060 0.1077 0.1088 0.1092
0.0942 0.0944 0.0947 0.0954 0.0965 0.0981 0.1002 0.1025 0.1050 0.1073 0.1092 0.1105 0.1110
0.0954 0.0954 0.0957 0.0963 0.0974 0.0990 0.1010 0.1035 0.1062 0.1087 0.1109 0.1122 0.1128
0.0968 0.0969 0.0971 0.0975 0.0985 0.1000 0.1021 0.1047 0.1075 0.1103 0.1126 0.1141 0.1147
0.0988 0.0988 0.0988 0.0991 0.0998 0.1012 0.1033 0.1060 0.1090 0.1119 0.1144 0.1160 0.1166
0.1012 0.1012 0.1010 0.1010 0.1015 0.1028 0.1048 0.1075 0.1106 0.1137 0.1163 0.1180 0.1187
0.1043 0.1042 0.1037 0.1034 0.1036 0.1046 0.1065 0.1092 0.1123 0.1156 0.1183 0.1202 0.1209
0.1080 0.1077 0.1070 0.1063 0.1060 0.1067 0.1084 0.1110 0.1143 0.1176 0.1205 0.1224 0.1232
