0.1158 0.1158 0.1158 0.1158 0.1158 0.1158 0.1158 0.1158 0.1158 0.1158 0.1158 0.1158 0.1158
0.1142 0.1143 0.1144 0.1147 0.1150 0.1154 0.1159 0.1163 0.1168 0.1171 0.1174 0.1176 0.1177
0.1129 0.1130 0.1133 0.1138 0.1144 0.1151 0.1160 0.1168 0.1176 0.1184 0.1190 0.1193 0.1194
0.1119 0.1120 0.1123 0.1129 0.1138 0.1149 0.1161 0.1174 0.1186 0.1197 0.1206 0.1212 0.1214
0.1110 0.1111 0.1116 0.1123 0.1133 0.1147 0.1162 0.1179 0.1196 0.1211 0.1224 0.1232 0.1235
0.1104 0.1105 0.1110 0.1118 0.1130 0.1146 0.1165 0.1186 0.1207 0.1227 0.1242 0.1253 0.1256
0.1101 0.1102 0.1107 0.1115 0.1128 0.1146 0.1168 0.1193 0.1218 0.1242 0.1262 0.1275 0.1279
0.1101 0.1102 0.1106 0.1115 0.1128 0.1147 0.1172 0.1200 0.1231 0.1259 0.1282 0.1298 0.1303
0.1106 0.1106 0.1110 0.1117 0.1130 0.1150 0.1177 0.1209 0.1243 0.1276 0.1304 0.1322 0.1328
0.1115 0.1115 0.1117 0.1122 0.1134 0.1154 0.1182 0.1218 0.1257 0.1294 0.1326 0.1347 0.1354
0.1130 0.1129 0.1128 0.1131 0.1141 0.1160 0.1190 0.1228 0.1271 0.1313 0.1349 0.1372 0.1381
0.1152 0.1150 0.1145 0.1144 0.1150 0.1168 0.1199 0.1240 0.1286 0.1333 0.1373 0.1399 0.1409
0.1181 0.1177 0.1169 0.1162 0.1164 0.1179 0.1210 0.1252 0.1303 0.1354 0.1398 0.1427 0.1438
0.1220 0.1214 0.1200 0.1186 0.1182 0.1193 0.1223 0.1267 0.1321 0.1376 0.1424 0.1456 0.1468
0.1270 0.1261 0.1240 0.1217 0.1204 0.1211 0.1238 0.1284 0.1341 0.1400 0.1452 0.1487 0.1500
0.1333 0.1321 0.1290 0.1256 0.1233 0.1233 0.1257 0.1303 0.1362 0.1425 0.1481 0.1519 0.1534
0.1415 0.1398 0.1354 0.1304 0.1269 0.1259 0.1279 0.1324 0.1386 0.1453 0.1513 0.1554 0.1569
