0.0968 0.0968 0.0968 0.0968 0.0968 0.0968 0.0968 0.0968 0.0968 0.0968 0.0968 0.0968 0.0968
0.0971 0.0971 0.0970 0.0970 0.0969 0.0969 0.0969 0.0969 0.0969 0.0969 0.0969 0.0969 0.0969
0.0976 0.0976 0.0975 0.0975 0.0973 0.0973 0.0972 0.0972 0.0972 0.0972 0.0972 0.0972 0.0972
0.0985 0.0985 0.0984 0.0982 0.0980 0.0978 0.0977 0.0977 0.0977 0.0977 0.0978 0.0979 0.0979
0.0999 0.0998 0.0996 0.0993 0.0989 0.0987 0.0984 0.0984 0.0984 0.0985 0.0986 0.0987 0.0987
0.1017 0.1015 0.1012 0.1007 0.1002 0.0997 0.0994 0.0993 0.0993 0.0995 0.0996 0.0998 0.0998
0.1040 0.1038 0.1033 0.1025 0.1018 0.1011 0.1006 0.1004 0.1004 0.1006 0.1009 0.1011 0.1012
0.1069 0.1066 0.1059 0.1048 0.1037 0.1028 0.1021 0.1018 0.1018 0.1020 0.1023 0.1026 0.1027
0.1106 0.1102 0.1091 0.1077 0.1062 0.1048 0.1039 0.1034 0.1033 0.1036 0.1040 0.1043 0.1044
0.1150 0.1145 0.1131 0.1111 0.1090 0.1072 0.1060 0.1053 0.1052 0.1055 0.1059 0.1063 0.1064
0.1205 0.1198 0.1179 0.1152 0.1125 0.1101 0.1084 0.1075 0.1073 0.1076 0.1080 0.1085 0.1087
0.1271 0.1261 0.1236 0.1202 0.1166 0.1135 0.1112 0.1100 0.1096 0.1099 0.1104 0.1109 0.1111
0.1350 0.1339 0.1306 0.1261 0.1214 0.1174 0.1146 0.1129 0.1123 0.1126 0.1131 0.1136 0.1139
0.1446 0.1431 0.1388 0.1331 0.1271 0.1220 0.1184 0.1162 0.1154 0.1155 0.1161 0.1167 0.1169
0.1562 0.1542 0.1487 0.1413 0.1338 0.1274 0.1227 0.1200 0.1189 0.1189 0.1194 0.1200 0.1203
0.1699 0.1674 0.1604 0.1511 0.1416 0.1336 0.1277 0.1243 0.1227 0.1226 0.1231 0.1237 0.1239
0.1864 0.1832 0.1743 0.1626 0.1507 0.1407 0.1335 0.1291 0.1271 0.1267 0.1271 0.1278 0.1280
