0.0943 0.0943 0.0943 0.0943 0.0943 0.0943 0.0943 0.0943 0.0943 0.0943 0.0943 0.0943 0.0943
0.0943 0.0943 0.0943 0.0943 0.0943 0.0943 0.0943 0.0943 0.0943 0.0943 0.0943 0.0943 0.0943
0.0943 0.0943 0.0943 0.0943 0.0943 0.0943 0.0943 0.0943 0.0943 0.0943 0.0943 0.0943 0.0943
0.0945 0.0945 0.0945 0.0945 0.0945 0.0945 0.0945 0.0945 0.0945 0.0945 0.0945 0.0945 0.0945
0.0947 0.0947 0.0947 0.0947 0.0947 0.0947 0.0947 0.0947 0.0947 0.0947 0.0947 0.0947 0.0947
0.0950 0.0950 0.0950 0.0950 0.0950 0.0950 0.0950 0.0950 0.0950 0.0950 0.0950 0.0950 0.0950
0.0954 0.0954 0.0954 0.0954 0.0954 0.0954 0.0954 0.0954 0.0954 0.0954 0.0954 0.0954 0.0954
0.0959 0.0959 0.0959 0.0959 0.0959 0.0959 0.0959 0.0959 0.0959 0.0959 0.0959 0.0959 0.0959
0.0965 0.0965 0.0965 0.0965 0.0965 0.0965 0.0965 0.0965 0.0965 0.0965 0.0965 0.0965 0.0965
0.0973 0.0973 0.0973 0.0973 0.0973 0.0973 0.0973 0.0973 0.0973 0.0973 0.0973 0.0973 0.0973
0.0982 0.0982 0.0982 0.0982 0.0982 0.0982 0.0982 0.0982 0.0982 0.0982 0.0982 0.0982 0.0982
0.0992 0.0992 0.0992 0.0992 0.0992 0.0992 0.0992 0.0992 0.0992 0.0992 0.0992 0.0992 0.0992
0.1005 0.1005 0.1005 0.1005 0.1005 0.1005 0.1005 0.1005 0.1005 0.1005 0.1005 0.1005 0.1005
0.1020 0.1020 0.1020 0.1020 0.1020 0.1020 0.1020 0.1020 0.1020 0.1020 0.1020 0.1020 0.1020
0.1038 0.1038 0.1038 0.1038 0.1038 0.1038 0.1038 0.1038 0.1038 0.1038 0.1038 0.1038 0.1038
0.1059 0.1059 0.1059 0.1059 0.1059 0.1059 0.1059 0.1059 0.1059 0.1059 0.1059 0.1059 0.1059
0.1083 0.1083 0.1083 0.1083 0.1083 0.1083 0.1083 0.1083 0.1083 0.1083 0.1083 0.1083 0.1083
