0.0873 0.0873 0.0873 0.0873 0.0873 0.0873 0.0873 0.0873 0.0873 0.0873 0.0873 0.0873 0.0873
0.0874 0.0874 0.0874 0.0874 0.0874 0.0874 0.0874 0.0874 0.0874 0.0874 0.0874 0.0874 0.0874
0.0876 0.0876 0.0876 0.0876 0.0876 0.0876 0.0876 0.0876 0.0876 0.0876 0.0876 0.0876 0.0876
0.0879 0.0879 0.0879 0.0879 0.0879 0.0879 0.0879 0.0879 0.0879 0.0879 0.0879 0.0879 0.0879
0.0883 0.0883 0.0883 0.0883 0.0883 0.0883 0.0883 0.0883 0.0883 0.0883 0.0883 0.0883 0.0883
0.0889 0.0889 0.0889 0.0889 0.0889 0.0889 0.0889 0.0889 0.0889 0.0889 0.0889 0.0889 0.0889
0.0896 0.0896 0.0896 0.0896 0.0896 0.0896 0.0896 0.0896 0.0896 0.0896 0.0896 0.0896 0.0896
0.0905 0.0905 0.0905 0.0905 0.0905 0.0905 0.0905 0.0905 0.0905 0.0905 0.0905 0.0905 0.0905
0.0916 0.0916 0.0916 0.0916 0.0916 0.0916 0.0916 0.0916 0.0916 0.0916 0.0916 0.0916 0.0916
0.0930 0.0930 0.0930 0.0930 0.0930 0.0930 0.0930 0.0930 0.0930 0.0930 0.0930 0.0930 0.0930
0.0946 0.0946 0.0946 0.0946 0.0946 0.0946 0.0946 0.0946 0.0946 0.0946 0.0946 0.0946 0.0946
0.0964 0.0964 0.0964 0.0964 0.0964 0.0964 0.0964 0.0964 0.0964 0.0964 0.0964 0.0964 0.0964
0.0986 0.0986 0.0986 0.0986 0.0986 0.0986 0.0986 0.0986 0.0986 0.0986 0.0986 0.0986 0.0986
0.1013 0.1013 0.1013 0.1013 0.1013 0.1013 0.1013 0.1013 0.1013 0.1013 0.1013 0.1013 0.1013
0.1043 0.1043 0.1043 0.1043 0.1043 0.1043 0.1043 0.1043 0.1043 0.1043 0.1043 0.1043 0.1043
0.1078 0.1078 0.1078 0.1078 0.1078 0.1078 0.1078 0.1078 0.1078 0.1078 0.1078 0.1078 0.1078
0.1119 0.1119 0.1119 0.1119 0.1119 0.1119 0.1119 0.1119 0.1119 0.1119 0.1119 0.1119 0.1119
