0.0931 0.0931 0.0931 0.0931 0.0931 0.0931 0.0931 0.0931 0.0931 0.0931 0.0931 0.0931 0.0931
0.0919 0.0920 0.0921 0.0923 0.0925 0.0929 0.0931 0.0935 0.0938 0.0941 0.0943 0.0944 0.0945
0.0910 0.0911 0.0913 0.0916 0.0921 0.0926 0.0933 0.0939 0.0944 0.0950 0.0954 0.0957 0.0957
0.0902 0.0903 0.0906 0.0911 0.0917 0.0925 0.0934 0.0943 0.0952 0.0960 0.0966 0.0970 0.0972
0.0895 0.0896 0.0900 0.0906 0.0914 0.0924 0.0936 0.0948 0.0960 0.0971 0.0979 0.0984 0.0987
0.0890 0.0891 0.0896 0.0903 0.0913 0.0925 0.0939 0.0954 0.0969 0.0982 0.0993 0.1000 0.1002
0.0887 0.0888 0.0894 0.0901 0.0912 0.0926 0.0942 0.0960 0.0978 0.0994 0.1008 0.1016 0.1020
0.0886 0.0887 0.0892 0.0901 0.0913 0.0929 0.0947 0.0967 0.0989 0.1007 0.1023 0.1033 0.1037
0.0887 0.0888 0.0894 0.0902 0.0915 0.0931 0.0952 0.0975 0.0999 0.1022 0.1040 0.1051 0.1055
0.0891 0.0892 0.0896 0.0905 0.0919 0.0936 0.0959 0.0984 0.1011 0.1036 0.1056 0.1070 0.1075
0.0897 0.0899 0.0903 0.0911 0.0924 0.0942 0.0966 0.0994 0.1023 0.1051 0.1074 0.1089 0.1095
0.0906 0.0908 0.0911 0.0919 0.0931 0.0950 0.0975 0.1004 0.1037 0.1067 0.1093 0.1110 0.1115
0.0920 0.0920 0.0923 0.0929 0.0941 0.0959 0.0985 0.1017 0.1051 0.1085 0.1113 0.1131 0.1138
0.0937 0.0937 0.0938 0.0942 0.0953 0.0971 0.0997 0.1030 0.1067 0.1103 0.1133 0.1153 0.1161
0.0959 0.0958 0.0957 0.0959 0.0967 0.0984 0.1010 0.1045 0.1083 0.1122 0.1155 0.1176 0.1184
0.0985 0.0984 0.0981 0.0980 0.0985 0.1000 0.1026 0.1061 0.1102 0.1143 0.1177 0.1201 0.1209
0.1018 0.1015 0.1009 0.1005 0.1007 0.1020 0.1044 0.1080 0.1122 0.1165 0.1201 0.1226 0.1236
