0.0923 0.0923 0.0923 0.0923 0.0923 0.0923 0.0923 0.0923 0.0923 0.0923 0.0923 0.0923 0.0923
0.0921 0.0921 0.0922 0.0922 0.0923 0.0923 0.0924 0.0924 0.0925 0.0926 0.0926 0.0926 0.0926
0.0921 0.0921 0.0921 0.0922 0.0923 0.0924 0.0925 0.0926 0.0927 0.0928 0.0929 0.0930 0.0930
0.0921 0.0921 0.0922 0.0923 0.0924 0.0926 0.0927 0.0929 0.0931 0.0932 0.0933 0.0934 0.0935
0.0923 0.0923 0.0924 0.0925 0.0927 0.0929 0.0931 0.0933 0.0935 0.0937 0.0938 0.0940 0.0940
0.0926 0.0926 0.0927 0.0929 0.0930 0.0932 0.0935 0.0937 0.0940 0.0942 0.0944 0.0945 0.0946
0.0931 0.0931 0.0932 0.0933 0.0935 0.0938 0.0940 0.0943 0.0946 0.0949 0.0951 0.0952 0.0953
0.0938 0.0938 0.0939 0.0940 0.0942 0.0944 0.0947 0.0950 0.0954 0.0956 0.0959 0.0960 0.0961
0.0946 0.0947 0.0947 0.0948 0.0950 0.0953 0.0956 0.0959 0.0962 0.0965 0.0968 0.0970 0.0970
0.0958 0.0958 0.0959 0.0959 0.0961 0.0963 0.0966 0.0969 0.0972 0.0976 0.0978 0.0980 0.0981
0.0972 0.0972 0.0972 0.0973 0.0974 0.0975 0.0978 0.0981 0.0984 0.0987 0.0990 0.0992 0.0993
0.0989 0.0989 0.0989 0.0989 0.0989 0.0990 0.0992 0.0995 0.0998 0.1001 0.1003 0.1005 0.1006
0.1011 0.1010 0.1010 0.1009 0.1008 0.1008 0.1009 0.1011 0.1013 0.1016 0.1019 0.1021 0.1021
0.1036 0.1035 0.1034 0.1032 0.1030 0.1029 0.1029 0.1030 0.1032 0.1034 0.1036 0.1038 0.1039
0.1066 0.1065 0.1063 0.1060 0.1057 0.1054 0.1052 0.1052 0.1053 0.1055 0.1056 0.1058 0.1058
0.1102 0.1101 0.1097 0.1093 0.1087 0.1083 0.1079 0.1078 0.1077 0.1078 0.1079 0.1080 0.1081
0.1144 0.1142 0.1137 0.1131 0.1123 0.1117 0.1111 0.1107 0.1105 0.1105 0.1105 0.1106 0.1106
