0.0905 0.0905 0.0905 0.0905 0.0905 0.0905 0.0905 0.0905 0.0905 0.0905 0.0905 0.0905 0.0905
0.0905 0.0905 0.0905 0.0905 0.0905 0.0905 0.0905 0.0905 0.0905 0.0905 0.0905 0.0905 0.0905
0.0906 0.0906 0.0906 0.0906 0.0906 0.0906 0.0906 0.0906 0.0906 0.0906 0.0906 0.0906 0.0906
0.0908 0.0908 0.0908 0.0908 0.0908 0.0908 0.0908 0.0908 0.0908 0.0908 0.0908 0.0908 0.0908
0.0912 0.0912 0.0912 0.0912 0.0912 0.0912 0.0912 0.0912 0.0912 0.0912 0.0912 0.0912 0.0912
0.0916 0.0916 0.0916 0.0916 0.0916 0.0916 0.0916 0.0916 0.0916 0.0916 0.0916 0.0916 0.0916
0.0922 0.0922 0.0922 0.0922 0.0922 0.0922 0.0922 0.0922 0.0922 0.0922 0.0922 0.0922 0.0922
0.0929 0.0929 0.0929 0.0929 0.0929 0.0929 0.0929 0.0929 0.0929 0.0929 0.0929 0.0929 0.0929
0.0938 0.0938 0.0938 0.0938 0.0938 0.0938 0.0938 0.0938 0.0938 0.0938 0.0938 0.0938 0.0938
0.0949 0.0949 0.0949 0.0949 0.0949 0.0949 0.0949 0.0949 0.0949 0.0949 0.0949 0.0949 0.0949
0.0962 0.0962 0.0962 0.0962 0.0962 0.0962 0.0962 0.0962 0.0962 0.0962 0.0962 0.0962 0.0962
0.0977 0.0977 0.0977 0.0977 0.0977 0.0977 0.0977 0.0977 0.0977 0.0977 0.0977 0.0977 0.0977
0.0994 0.0994 0.0994 0.0994 0.0994 0.0994 0.0994 0.0994 0.0994 0.0994 0.0994 0.0994 0.0994
0.1015 0.1015 0.1015 0.1015 0.1015 0.1015 0.1015 0.1015 0.1015 0.1015 0.1015 0.1015 0.1015
0.1039 0.1039 0.1039 0.1039 0.1039 0.1039 0.1039 0.1039 0.1039 0.1039 0.1039 0.1039 0.1039
0.1068 0.1068 0.1068 0.1068 0.1068 0.1068 0.1068 0.1068 0.1068 0.1068 0.1068 0.1068 0.1068
0.1100 0.1100 0.1100 0.1100 0.1100 0.1100 0.1100 0.1100 0.1100 0.1100 0.1100 0.1100 0.1100
