0.1002 0.1002 0.1002 0.1002 0.1002 0.1002 0.1002 0.1002 0.1002 0.1002 0.1002 0.1002 0.1002
0.1004 0.1004 0.1004 0.1003 0.1003 0.1003 0.1003 0.1003 0.1003 0.1003 0.1003 0.1003 0.1003
0.1009 0.1009 0.1009 0.1008 0.1007 0.1006 0.1006 0.1006 0.1006 0.1006 0.1007 0.1007 0.1007
0.1018 0.1018 0.1017 0.1015 0.1013 0.1012 0.1011 0.1011 0.1011 0.1012 0.1013 0.1013 0.1014
0.1031 0.1031 0.1029 0.1026 0.1023 0.1020 0.1019 0.1018 0.1019 0.1020 0.1021 0.1022 0.1023
0.1049 0.1048 0.1044 0.1040 0.1035 0.1031 0.1028 0.1027 0.1028 0.1030 0.1032 0.1033 0.1034
0.1072 0.1070 0.1065 0.1058 0.1051 0.1045 0.1040 0.1039 0.1040 0.1042 0.1045 0.1047 0.1048
0.1101 0.1098 0.1091 0.1081 0.1070 0.1061 0.1055 0.1053 0.1053 0.1056 0.1059 0.1062 0.1063
0.1137 0.1133 0.1123 0.1109 0.1094 0.1081 0.1073 0.1069 0.1069 0.1072 0.1077 0.1080 0.1081
0.1180 0.1175 0.1162 0.1143 0.1123 0.1106 0.1094 0.1088 0.1088 0.1091 0.1096 0.1100 0.1101
0.1233 0.1227 0.1208 0.1183 0.1157 0.1134 0.1118 0.1110 0.1108 0.1112 0.1117 0.1122 0.1124
0.1298 0.1289 0.1265 0.1232 0.1197 0.1167 0.1146 0.1135 0.1132 0.1135 0.1141 0.1146 0.1148
0.1374 0.1363 0.1331 0.1288 0.1244 0.1205 0.1178 0.1163 0.1158 0.1161 0.1168 0.1173 0.1176
0.1466 0.1451 0.1410 0.1356 0.1298 0.1250 0.1215 0.1195 0.1188 0.1190 0.1197 0.1203 0.1205
0.1575 0.1556 0.1504 0.1434 0.1362 0.1301 0.1257 0.1231 0.1221 0.1222 0.1229 0.1235 0.1238
0.1704 0.1680 0.1614 0.1526 0.1436 0.1359 0.1304 0.1272 0.1258 0.1258 0.1264 0.1270 0.1273
0.1857 0.1826 0.1744 0.1633 0.1521 0.1426 0.1358 0.1317 0.1299 0.1297 0.1302 0.1309 0.1312
