0.0919 0.0919 0.0919 0.0919 0.0919 0.0919 0.0919 0.0919 0.0919 0.0919 0.0919 0.0919 0.0919
0.0920 0.0920 0.0920 0.0920 0.0920 0.0920 0.0920 0.0920 0.0920 0.0920 0.0920 0.0920 0.0920
0.0922 0.0922 0.0922 0.0922 0.0922 0.0922 0.0922 0.0922 0.0922 0.0923 0.0923 0.0923 0.0923
0.0926 0.0926 0.0926 0.0926 0.0926 0.0926 0.0926 0.0926 0.0926 0.0926 0.0927 0.0927 0.0927
0.0931 0.0931 0.0932 0.0932 0.0931 0.0931 0.0931 0.0931 0.0931 0.0932 0.0932 0.0932 0.0933
0.0940 0.0940 0.0939 0.0939 0.0939 0.0938 0.0938 0.0938 0.0938 0.0938 0.0939 0.0939 0.0939
0.0950 0.0950 0.0949 0.0949 0.0948 0.0947 0.0947 0.0947 0.0946 0.0947 0.0947 0.0947 0.0947
0.0963 0.0963 0.0962 0.0961 0.0960 0.0958 0.0958 0.0957 0.0957 0.0957 0.0957 0.0957 0.0957
0.0979 0.0978 0.0977 0.0975 0.0974 0.0972 0.0970 0.0969 0.0969 0.0968 0.0968 0.0968 0.0968
0.0998 0.0997 0.0996 0.0993 0.0990 0.0988 0.0985 0.0984 0.0982 0.0982 0.0982 0.0982 0.0982
0.1021 0.1020 0.1018 0.1014 0.1011 0.1006 0.1003 0.1000 0.0999 0.0997 0.0997 0.0997 0.0997
0.1047 0.1046 0.1043 0.1039 0.1034 0.1029 0.1024 0.1020 0.1017 0.1015 0.1014 0.1014 0.1014
0.1079 0.1077 0.1074 0.1068 0.1061 0.1054 0.1047 0.1042 0.1038 0.1036 0.1034 0.1033 0.1033
0.1115 0.1113 0.1108 0.1101 0.1092 0.1083 0.1075 0.1068 0.1062 0.1059 0.1056 0.1055 0.1055
0.1157 0.1154 0.1149 0.1139 0.1128 0.1116 0.1106 0.1096 0.1090 0.1084 0.1081 0.1080 0.1079
0.1205 0.1203 0.1194 0.1183 0.1169 0.1154 0.1141 0.1129 0.1120 0.1114 0.1110 0.1107 0.1106
0.1259 0.1256 0.1246 0.1232 0.1216 0.1197 0.1181 0.1166 0.1154 0.1147 0.1141 0.1138 0.1137
