0.1047 0.1047 0.1047 0.1047 0.1047 0.1047 0.1047 0.1047 0.1047 0.1047 0.1047 0.1047 0.1047
0.1065 0.1065 0.1063 0.1061 0.1057 0.1053 0.1049 0.1045 0.1042 0.1039 0.1036 0.1035 0.1035
0.1087 0.1086 0.1082 0.1077 0.1070 0.1062 0.1055 0.1047 0.1041 0.1036 0.1032 0.1029 0.1029
0.1115 0.1113 0.1107 0.1098 0.1087 0.1075 0.1064 0.1053 0.1043 0.1036 0.1031 0.1028 0.1027
0.1150 0.1146 0.1138 0.1125 0.1110 0.1093 0.1077 0.1062 0.1049 0.1040 0.1033 0.1030 0.1028
0.1192 0.1188 0.1176 0.1159 0.1137 0.1115 0.1093 0.1074 0.1059 0.1048 0.1040 0.1035 0.1034
0.1243 0.1238 0.1222 0.1199 0.1171 0.1142 0.1114 0.1091 0.1072 0.1058 0.1050 0.1044 0.1043
0.1305 0.1298 0.1277 0.1247 0.1211 0.1174 0.1140 0.1111 0.1089 0.1073 0.1063 0.1057 0.1055
0.1378 0.1369 0.1342 0.1303 0.1258 0.1212 0.1170 0.1136 0.1109 0.1091 0.1079 0.1073 0.1071
0.1465 0.1454 0.1420 0.1370 0.1314 0.1257 0.1206 0.1165 0.1133 0.1112 0.1099 0.1092 0.1090
0.1569 0.1553 0.1511 0.1449 0.1378 0.1309 0.1248 0.1198 0.1162 0.1137 0.1123 0.1115 0.1113
0.1691 0.1671 0.1618 0.1540 0.1453 0.1369 0.1296 0.1237 0.1195 0.1167 0.1150 0.1142 0.1139
0.1834 0.1810 0.1743 0.1647 0.1540 0.1438 0.1350 0.1281 0.1232 0.1200 0.1181 0.1172 0.1169
0.2004 0.1974 0.1890 0.1770 0.1640 0.1517 0.1412 0.1332 0.1274 0.1237 0.1216 0.1206 0.1203
0.2204 0.2166 0.2061 0.1914 0.1755 0.1606 0.1483 0.1388 0.1322 0.1280 0.1256 0.1244 0.1241
0.2438 0.2391 0.2260 0.2080 0.1886 0.1708 0.1562 0.1451 0.1375 0.1326 0.1299 0.1286 0.1282
0.2712 0.2653 0.2492 0.2270 0.2035 0.1823 0.1650 0.1521 0.1433 0.1378 0.1347 0.1333 0.1328
