0.0973 0.0973 0.0973 0.0973 0.0973 0.0973 0.0973 0.0973 0.0973 0.0973 0.0973 0.0973 0.0973
0.0974 0.0974 0.0974 0.0974 0.0974 0.0974 0.0974 0.0974 0.0974 0.0974 0.0974 0.0974 0.0974
0.0978 0.0978 0.0978 0.0978 0.0978 0.0978 0.0978 0.0978 0.0978 0.0978 0.0978 0.0978 0.0978
0.0984 0.0984 0.0984 0.0984 0.0984 0.0984 0.0984 0.0984 0.0984 0.0984 0.0984 0.0984 0.0984
0.0993 0.0993 0.0993 0.0993 0.0993 0.0993 0.0993 0.0993 0.0993 0.0993 0.0993 0.0993 0.0993
0.1004 0.1004 0.1004 0.1004 0.1004 0.1004 0.1004 0.1004 0.1004 0.1004 0.1004 0.1004 0.1004
0.1018 0.1018 0.1018 0.1018 0.1018 0.1018 0.1018 0.1018 0.1018 0.1018 0.1018 0.1018 0.1018
0.1035 0.1035 0.1035 0.1035 0.1035 0.1035 0.1035 0.1035 0.1035 0.1035 0.1035 0.1035 0.1035
0.1055 0.1055 0.1055 0.1055 0.1055 0.1055 0.1055 0.1055 0.1055 0.1055 0.1055 0.1055 0.1055
0.1078 0.1078 0.1078 0.1078 0.1078 0.1078 0.1078 0.1078 0.1078 0.1078 0.1078 0.1078 0.1078
0.1104 0.1104 0.1104 0.1104 0.1104 0.1104 0.1104 0.1104 0.1104 0.1104 0.1104 0.1104 0.1104
0.1134 0.1134 0.1134 0.1134 0.1134 0.1134 0.1134 0.1134 0.1134 0.1134 0.1134 0.1134 0.1134
0.1168 0.1168 0.1168 0.1168 0.1168 0.1168 0.1168 0.1168 0.1168 0.1168 0.1168 0.1168 0.1168
0.1206 0.1206 0.1206 0.1206 0.1206 0.1206 0.1206 0.1206 0.1206 0.1206 0.1206 0.1206 0.1206
0.1247 0.1247 0.1247 0.1247 0.1247 0.1247 0.1247 0.1247 0.1247 0.1247 0.1247 0.1247 0.1247
0.1294 0.1294 0.1294 0.1294 0.1294 0.1294 0.1294 0.1294 0.1294 0.1294 0.1294 0.1294 0.1294
0.1344 0.1344 0.1344 0.1344 0.1344 0.1344 0.1344 0.1344 0.1344 0.1344 0.1344 0.1344 0.1344
