0.1162 0.1162 0.1162 0.1162 0.1162 0.1162 0.1162 0.1162 0.1162 0.1162 0.1162 0.1162 0.1162
0.1142 0.1143 0.1145 0.1148 0.1152 0.1157 0.1162 0.1167 0.1172 0.1177 0.1180 0.1182 0.1183
0.1127 0.1128 0.1131 0.1137 0.1144 0.1153 0.1162 0.1172 0.1182 0.1190 0.1197 0.1201 0.1203
0.1112 0.1114 0.1119 0.1126 0.1137 0.1149 0.1163 0.1178 0.1192 0.1205 0.1215 0.1221 0.1223
0.1099 0.1101 0.1107 0.1117 0.1130 0.1146 0.1164 0.1184 0.1203 0.1220 0.1233 0.1242 0.1245
0.1089 0.1091 0.1098 0.1109 0.1124 0.1144 0.1166 0.1190 0.1213 0.1236 0.1253 0.1264 0.1268
0.1081 0.1083 0.1090 0.1102 0.1119 0.1142 0.1167 0.1196 0.1225 0.1251 0.1273 0.1286 0.1291
0.1075 0.1078 0.1085 0.1098 0.1116 0.1141 0.1170 0.1203 0.1237 0.1268 0.1293 0.1309 0.1315
0.1073 0.1075 0.1082 0.1095 0.1114 0.1141 0.1174 0.1210 0.1248 0.1284 0.1314 0.1333 0.1340
0.1074 0.1076 0.1083 0.1095 0.1115 0.1142 0.1177 0.1218 0.1261 0.1302 0.1335 0.1357 0.1365
0.1080 0.1081 0.1087 0.1098 0.1117 0.1146 0.1183 0.1227 0.1274 0.1319 0.1357 0.1382 0.1391
0.1091 0.1091 0.1095 0.1104 0.1122 0.1150 0.1190 0.1237 0.1288 0.1338 0.1379 0.1407 0.1416
0.1106 0.1106 0.1108 0.1114 0.1130 0.1157 0.1198 0.1248 0.1303 0.1357 0.1402 0.1433 0.1444
0.1130 0.1129 0.1126 0.1129 0.1141 0.1167 0.1207 0.1259 0.1318 0.1377 0.1426 0.1459 0.1471
0.1159 0.1157 0.1151 0.1148 0.1156 0.1179 0.1219 0.1273 0.1335 0.1397 0.1451 0.1487 0.1499
0.1199 0.1195 0.1183 0.1174 0.1176 0.1195 0.1233 0.1288 0.1353 0.1419 0.1476 0.1515 0.1528
0.1250 0.1242 0.1225 0.1207 0.1201 0.1215 0.1251 0.1306 0.1373 0.1442 0.1502 0.1544 0.1558
