0.0992 0.0992 0.0992 0.0992 0.0992 0.0992 0.0992 0.0992 0.0992 0.0992 0.0992 0.0992 0.0992
0.0989 0.0990 0.0990 0.0990 0.0991 0.0992 0.0993 0.0993 0.0995 0.0996 0.0996 0.0997 0.0997
0.0990 0.0990 0.0991 0.0992 0.0993 0.0993 0.0995 0.0997 0.0999 0.1000 0.1002 0.1003 0.1003
0.0993 0.0993 0.0993 0.0994 0.0996 0.0997 0.0999 0.1002 0.1004 0.1007 0.1009 0.1011 0.1011
0.0999 0.0999 0.1000 0.1000 0.1000 0.1002 0.1005 0.1008 0.1012 0.1015 0.1018 0.1021 0.1022
0.1008 0.1008 0.1007 0.1007 0.1008 0.1010 0.1012 0.1016 0.1021 0.1025 0.1030 0.1033 0.1033
0.1021 0.1020 0.1019 0.1018 0.1018 0.1019 0.1022 0.1026 0.1032 0.1038 0.1043 0.1047 0.1047
0.1037 0.1036 0.1034 0.1032 0.1030 0.1031 0.1033 0.1038 0.1044 0.1051 0.1058 0.1062 0.1064
0.1058 0.1058 0.1054 0.1050 0.1046 0.1045 0.1047 0.1052 0.1059 0.1068 0.1075 0.1080 0.1082
0.1085 0.1083 0.1078 0.1071 0.1065 0.1062 0.1064 0.1069 0.1076 0.1086 0.1094 0.1100 0.1102
0.1119 0.1115 0.1108 0.1097 0.1089 0.1083 0.1083 0.1087 0.1096 0.1106 0.1115 0.1123 0.1125
0.1159 0.1155 0.1144 0.1130 0.1116 0.1108 0.1105 0.1109 0.1118 0.1129 0.1140 0.1147 0.1150
0.1208 0.1202 0.1188 0.1168 0.1149 0.1137 0.1131 0.1134 0.1143 0.1155 0.1166 0.1175 0.1178
0.1267 0.1260 0.1239 0.1213 0.1188 0.1170 0.1162 0.1162 0.1171 0.1184 0.1196 0.1206 0.1209
0.1338 0.1328 0.1302 0.1267 0.1234 0.1209 0.1197 0.1195 0.1203 0.1216 0.1230 0.1240 0.1243
0.1423 0.1410 0.1375 0.1331 0.1288 0.1255 0.1237 0.1233 0.1239 0.1252 0.1267 0.1278 0.1282
0.1525 0.1508 0.1464 0.1407 0.1351 0.1308 0.1283 0.1275 0.1281 0.1294 0.1309 0.1321 0.1324
