0.0970 0.0970 0.0970 0.0970 0.0970 0.0970 0.0970 0.0970 0.0970 0.0970 0.0970 0.0970 0.0970
0.0980 0.0979 0.0979 0.0977 0.0975 0.0973 0.0971 0.0969 0.0967 0.0966 0.0965 0.0964 0.0964
0.0993 0.0992 0.0990 0.0987 0.0983 0.0979 0.0975 0.0971 0.0968 0.0965 0.0963 0.0962 0.0962
0.1010 0.1009 0.1006 0.1001 0.0995 0.0988 0.0982 0.0976 0.0971 0.0968 0.0965 0.0964 0.0963
0.1033 0.1031 0.1026 0.1019 0.1010 0.1001 0.0992 0.0984 0.0978 0.0973 0.0970 0.0968 0.0967
0.1061 0.1059 0.1052 0.1042 0.1030 0.1017 0.1005 0.0994 0.0986 0.0980 0.0977 0.0974 0.0974
0.1095 0.1092 0.1083 0.1069 0.1053 0.1037 0.1021 0.1008 0.0998 0.0991 0.0986 0.0984 0.0983
0.1137 0.1133 0.1121 0.1103 0.1082 0.1060 0.1041 0.1024 0.1012 0.1004 0.0998 0.0996 0.0995
0.1186 0.1181 0.1165 0.1143 0.1116 0.1089 0.1064 0.1044 0.1029 0.1020 0.1013 0.1010 0.1009
0.1244 0.1237 0.1218 0.1189 0.1156 0.1122 0.1092 0.1067 0.1050 0.1038 0.1031 0.1027 0.1026
0.1314 0.1305 0.1280 0.1244 0.1203 0.1161 0.1124 0.1095 0.1073 0.1059 0.1051 0.1047 0.1046
0.1396 0.1385 0.1353 0.1308 0.1257 0.1206 0.1161 0.1126 0.1100 0.1084 0.1074 0.1070 0.1069
0.1491 0.1478 0.1439 0.1383 0.1320 0.1258 0.1204 0.1161 0.1131 0.1111 0.1100 0.1095 0.1093
0.1604 0.1587 0.1539 0.1470 0.1392 0.1317 0.1253 0.1202 0.1165 0.1143 0.1130 0.1123 0.1121
0.1737 0.1715 0.1655 0.1570 0.1475 0.1385 0.1308 0.1247 0.1204 0.1178 0.1162 0.1155 0.1153
0.1891 0.1864 0.1790 0.1686 0.1571 0.1462 0.1370 0.1298 0.1248 0.1216 0.1198 0.1190 0.1187
0.2071 0.2038 0.1947 0.1819 0.1679 0.1548 0.1439 0.1355 0.1297 0.1259 0.1239 0.1228 0.1225
