0.0913 0.0913 0.0913 0.0913 0.0913 0.0913 0.0913 0.0913 0.0913 0.0913 0.0913 0.0913 0.0913
0.0914 0.0914 0.0914 0.0914 0.0914 0.0914 0.0914 0.0914 0.0914 0.0914 0.0914 0.0914 0.0914
0.0915 0.0915 0.0915 0.0915 0.0915 0.0915 0.0915 0.0915 0.0915 0.0915 0.0915 0.0915 0.0915
0.0918 0.0918 0.0918 0.0918 0.0918 0.0918 0.0918 0.0918 0.0918 0.0918 0.0918 0.0918 0.0918
0.0923 0.0923 0.0923 0.0923 0.0923 0.0923 0.0923 0.0923 0.0923 0.0923 0.0923 0.0923 0.0923
0.0930 0.0930 0.0930 0.0930 0.0930 0.0930 0.0930 0.0930 0.0930 0.0930 0.0930 0.0930 0.0930
0.0938 0.0938 0.0938 0.0938 0.0938 0.0938 0.0938 0.0938 0.0938 0.0938 0.0938 0.0938 0.0938
0.0948 0.0948 0.0948 0.0948 0.0948 0.0948 0.0948 0.0948 0.0948 0.0948 0.0948 0.0948 0.0948
0.0960 0.0960 0.0960 0.0960 0.0960 0.0960 0.0960 0.0960 0.0960 0.0960 0.0960 0.0960 0.0960
0.0974 0.0974 0.0974 0.0974 0.0974 0.0974 0.0974 0.0974 0.0974 0.0974 0.0974 0.0974 0.0974
0.0991 0.0991 0.0991 0.0991 0.0991 0.0991 0.0991 0.0991 0.0991 0.0991 0.0991 0.0991 0.0991
0.1010 0.1010 0.1010 0.1010 0.1010 0.1010 0.1010 0.1010 0.1010 0.1010 0.1010 0.1010 0.1010
0.1032 0.1032 0.1032 0.1032 0.1032 0.1032 0.1032 0.1032 0.1032 0.1032 0.1032 0.1032 0.1032
0.1058 0.1058 0.1058 0.1058 0.1058 0.1058 0.1058 0.1058 0.1058 0.1058 0.1058 0.1058 0.1058
0.1088 0.1088 0.1088 0.1088 0.1088 0.1088 0.1088 0.1088 0.1088 0.1088 0.1088 0.1088 0.1088
0.1120 0.1120 0.1120 0.1120 0.1120 0.1120 0.1120 0.1120 0.1120 0.1120 0.1120 0.1120 0.1120
0.1158 0.1158 0.1158 0.1158 0.1158 0.1158 0.1158 0.1158 0.1158 0.1158 0.1158 0.1158 0.1158
