0.1162 0.1162 0.1162 0.1162 0.1162 0.1162 0.1162 0.1162 0.1162 0.1162 0.1162 0.1162 0.1162
0.1146 0.1147 0.1148 0.1151 0.1154 0.1158 0.1163 0.1167 0.1171 0.1175 0.1177 0.1179 0.1180
0.1134 0.1135 0.1138 0.1142 0.1148 0.1155 0.1163 0.1172 0.1179 0.1186 0.1192 0.1195 0.1197
0.1124 0.1125 0.1128 0.1135 0.1143 0.1153 0.1165 0.1177 0.1189 0.1199 0.1208 0.1213 0.1215
0.1115 0.1116 0.1121 0.1128 0.1139 0.1151 0.1167 0.1183 0.1199 0.1213 0.1225 0.1232 0.1235
0.1108 0.1110 0.1115 0.1123 0.1135 0.1151 0.1169 0.1189 0.1209 0.1228 0.1242 0.1252 0.1256
0.1104 0.1106 0.1111 0.1120 0.1134 0.1151 0.1172 0.1196 0.1220 0.1243 0.1261 0.1273 0.1277
0.1104 0.1105 0.1110 0.1119 0.1133 0.1152 0.1176 0.1204 0.1232 0.1259 0.1281 0.1295 0.1300
0.1106 0.1107 0.1112 0.1120 0.1135 0.1155 0.1181 0.1212 0.1245 0.1276 0.1301 0.1318 0.1324
0.1112 0.1113 0.1117 0.1124 0.1138 0.1159 0.1188 0.1222 0.1258 0.1294 0.1323 0.1342 0.1349
0.1123 0.1124 0.1126 0.1132 0.1144 0.1165 0.1195 0.1232 0.1273 0.1312 0.1345 0.1367 0.1375
0.1140 0.1139 0.1139 0.1142 0.1153 0.1173 0.1204 0.1244 0.1288 0.1332 0.1369 0.1393 0.1402
0.1162 0.1160 0.1157 0.1157 0.1165 0.1184 0.1215 0.1257 0.1305 0.1353 0.1393 0.1420 0.1430
0.1192 0.1189 0.1182 0.1177 0.1180 0.1197 0.1228 0.1272 0.1323 0.1375 0.1419 0.1449 0.1460
0.1229 0.1224 0.1213 0.1202 0.1200 0.1214 0.1244 0.1289 0.1343 0.1399 0.1446 0.1479 0.1491
0.1277 0.1270 0.1252 0.1233 0.1225 0.1234 0.1262 0.1308 0.1365 0.1424 0.1476 0.1511 0.1524
0.1337 0.1326 0.1301 0.1273 0.1256 0.1258 0.1284 0.1330 0.1389 0.1452 0.1507 0.1545 0.1558
