0.0944 0.0944 0.0944 0.0944 0.0944 0.0944 0.0944 0.0944 0.0944 0.0944 0.0944 0.0944 0.0944
0.0941 0.0941 0.0942 0.0942 0.0943 0.0944 0.0944 0.0945 0.0946 0.0947 0.0947 0.0948 0.0948
0.0940 0.0940 0.0941 0.0942 0.0943 0.0944 0.0946 0.0947 0.0948 0.0950 0.0951 0.0951 0.0952
0.0939 0.0939 0.0940 0.0942 0.0943 0.0945 0.0947 0.0949 0.0952 0.0953 0.0955 0.0956 0.0956
0.0939 0.0940 0.0941 0.0943 0.0945 0.0947 0.0950 0.0953 0.0955 0.0958 0.0960 0.0961 0.0962
0.0941 0.0941 0.0943 0.0945 0.0947 0.0950 0.0953 0.0957 0.0960 0.0963 0.0965 0.0967 0.0967
0.0944 0.0945 0.0946 0.0948 0.0951 0.0954 0.0958 0.0962 0.0965 0.0969 0.0972 0.0973 0.0974
0.0949 0.0949 0.0951 0.0953 0.0956 0.0959 0.0963 0.0968 0.0972 0.0976 0.0979 0.0981 0.0982
0.0956 0.0956 0.0957 0.0959 0.0962 0.0966 0.0970 0.0975 0.0979 0.0984 0.0987 0.0989 0.0990
0.0964 0.0965 0.0966 0.0967 0.0970 0.0974 0.0978 0.0983 0.0988 0.0992 0.0996 0.0998 0.0999
0.0975 0.0975 0.0976 0.0978 0.0980 0.0984 0.0988 0.0993 0.0998 0.1003 0.1006 0.1009 0.1010
0.0989 0.0989 0.0990 0.0991 0.0993 0.0996 0.1000 0.1005 0.1009 0.1014 0.1018 0.1021 0.1022
0.1006 0.1006 0.1006 0.1007 0.1008 0.1010 0.1014 0.1018 0.1023 0.1027 0.1031 0.1034 0.1035
0.1026 0.1026 0.1026 0.1026 0.1026 0.1027 0.1030 0.1034 0.1038 0.1042 0.1046 0.1049 0.1050
0.1050 0.1050 0.1049 0.1048 0.1047 0.1048 0.1049 0.1052 0.1056 0.1059 0.1063 0.1065 0.1066
0.1079 0.1079 0.1077 0.1075 0.1073 0.1071 0.1072 0.1073 0.1076 0.1079 0.1082 0.1084 0.1085
0.1114 0.1113 0.1110 0.1105 0.1101 0.1098 0.1097 0.1097 0.1099 0.1101 0.1103 0.1105 0.1107
