0.1088 0.1088 0.1088 0.1088 0.1088 0.1088 0.1088 0.1088 0.1088 0.1088 0.1088 0.1088 0.1088
0.1071 0.1071 0.1073 0.1076 0.1079 0.1084 0.1088 0.1093 0.1097 0.1101 0.1104 0.1106 0.1107
0.1056 0.1057 0.1060 0.1065 0.1072 0.1080 0.1088 0.1097 0.1105 0.1113 0.1118 0.1122 0.1123
0.1042 0.1044 0.1048 0.1055 0.1065 0.1076 0.1088 0.1101 0.1114 0.1125 0.1133 0.1139 0.1141
0.1029 0.1031 0.1037 0.1045 0.1058 0.1072 0.1089 0.1106 0.1122 0.1137 0.1148 0.1156 0.1158
0.1017 0.1019 0.1026 0.1037 0.1051 0.1069 0.1089 0.1110 0.1131 0.1149 0.1164 0.1173 0.1176
0.1007 0.1009 0.1017 0.1029 0.1045 0.1066 0.1089 0.1114 0.1139 0.1161 0.1179 0.1191 0.1194
0.0998 0.1001 0.1009 0.1022 0.1040 0.1063 0.1090 0.1119 0.1148 0.1174 0.1195 0.1208 0.1213
0.0992 0.0994 0.1003 0.1017 0.1037 0.1062 0.1091 0.1124 0.1157 0.1186 0.1210 0.1226 0.1231
0.0987 0.0990 0.0998 0.1013 0.1034 0.1061 0.1093 0.1129 0.1165 0.1199 0.1226 0.1244 0.1250
0.0986 0.0989 0.0997 0.1011 0.1033 0.1061 0.1096 0.1135 0.1174 0.1211 0.1242 0.1261 0.1268
0.0988 0.0991 0.0998 0.1012 0.1033 0.1063 0.1099 0.1141 0.1184 0.1224 0.1258 0.1279 0.1287
0.0992 0.0995 0.1002 0.1015 0.1036 0.1066 0.1104 0.1147 0.1194 0.1237 0.1274 0.1297 0.1306
0.1002 0.1004 0.1010 0.1021 0.1041 0.1071 0.1109 0.1155 0.1204 0.1251 0.1290 0.1316 0.1325
0.1016 0.1017 0.1021 0.1031 0.1049 0.1078 0.1117 0.1164 0.1216 0.1265 0.1307 0.1334 0.1344
0.1036 0.1036 0.1038 0.1045 0.1060 0.1087 0.1126 0.1174 0.1228 0.1280 0.1324 0.1354 0.1364
0.1062 0.1061 0.1060 0.1063 0.1075 0.1100 0.1138 0.1186 0.1241 0.1296 0.1342 0.1373 0.1384
