0.0959 0.0959 0.0959 0.0959 0.0959 0.0959 0.0959 0.0959 0.0959 0.0959 0.0959 0.0959 0.0959
0.0959 0.0959 0.0959 0.0959 0.0959 0.0959 0.0959 0.0959 0.0959 0.0959 0.0959 0.0959 0.0959
0.0959 0.0959 0.0959 0.0959 0.0959 0.0959 0.0959 0.0959 0.0959 0.0959 0.0959 0.0959 0.0959
0.0960 0.0960 0.0960 0.0960 0.0960 0.0960 0.0960 0.0960 0.0960 0.0960 0.0960 0.0960 0.0960
0.0962 0.0962 0.0962 0.0962 0.0962 0.0962 0.0962 0.0962 0.0962 0.0962 0.0962 0.0962 0.0962
0.0964 0.0964 0.0964 0.0964 0.0964 0.0964 0.0964 0.0964 0.0964 0.0964 0.0964 0.0964 0.0964
0.0968 0.0968 0.0968 0.0968 0.0968 0.0968 0.0968 0.0968 0.0968 0.0968 0.0968 0.0968 0.0968
0.0972 0.0972 0.0972 0.0972 0.0972 0.0972 0.0972 0.0972 0.0972 0.0972 0.0972 0.0972 0.0972
0.0977 0.0977 0.0977 0.0977 0.0977 0.0977 0.0977 0.0977 0.0977 0.0977 0.0977 0.0977 0.0977
0.0983 0.0983 0.0983 0.0983 0.0983 0.0983 0.0983 0.0983 0.0983 0.0983 0.0983 0.0983 0.0983
0.0990 0.0990 0.0990 0.0990 0.0990 0.0990 0.0990 0.0990 0.0990 0.0990 0.0990 0.0990 0.0990
0.1000 0.1000 0.1000 0.1000 0.1000 0.1000 0.1000 0.1000 0.1000 0.1000 0.1000 0.1000 0.1000
0.1011 0.1011 0.1011 0.1011 0.1011 0.1011 0.1011 0.1011 0.1011 0.1011 0.1011 0.1011 0.1011
0.1024 0.1024 0.1024 0.1024 0.1024 0.1024 0.1024 0.1024 0.1024 0.1024 0.1024 0.1024 0.1024
0.1039 0.1039 0.1039 0.1039 0.1039 0.1039 0.1039 0.1039 0.1039 0.1039 0.1039 0.1039 0.1039
0.1058 0.1058 0.1058 0.1058 0.1058 0.1058 0.1058 0.1058 0.1058 0.1058 0.1058 0.1058 0.1058
0.1079 0.1079 0.1079 0.1079 0.1079 0.1079 0.1079 0.1079 0.1079 0.1079 0.1079 0.1079 0.1079
