0.1199 0.1199 0.1199 0.1199 0.1199 0.1199 0.1199 0.1199 0.1199 0.1199 0.1199 0.1199 0.1199
0.1198 0.1198 0.1198 0.1198 0.1198 0.1198 0.1198 0.1198 0.1198 0.1198 0.1198 0.1198 0.1198
0.1195 0.1195 0.1195 0.1195 0.1195 0.1195 0.1195 0.1195 0.1195 0.1195 0.1195 0.1195 0.1195
0.1193 0.1193 0.1193 0.1193 0.1193 0.1193 0.1193 0.1193 0.1193 0.1193 0.1193 0.1193 0.1193
0.1190 0.1190 0.1190 0.1190 0.1190 0.1190 0.1190 0.1190 0.1190 0.1190 0.1190 0.1190 0.1190
0.1186 0.1186 0.1186 0.1186 0.1186 0.1186 0.1186 0.1186 0.1186 0.1186 0.1186 0.1186 0.1186
0.1182 0.1182 0.1182 0.1182 0.1182 0.1182 0.1182 0.1182 0.1182 0.1182 0.1182 0.1182 0.1182
0.1177 0.1177 0.1177 0.1177 0.1177 0.1177 0.1177 0.1177 0.1177 0.1177 0.1177 0.1177 0.1177
0.1171 0.1171 0.1171 0.1171 0.1171 0.1171 0.1171 0.1171 0.1171 0.1171 0.1171 0.1171 0.1171
0.1166 0.1166 0.1166 0.1166 0.1166 0.1166 0.1166 0.1166 0.1166 0.1166 0.1166 0.1166 0.1166
0.1161 0.1161 0.1161 0.1161 0.1161 0.1161 0.1161 0.1161 0.1161 0.1161 0.1161 0.1161 0.1161
0.1155 0.1155 0.1155 0.1155 0.1155 0.1155 0.1155 0.1155 0.1155 0.1155 0.1155 0.1155 0.1155
0.1150 0.1150 0.1150 0.1150 0.1150 0.1150 0.1150 0.1150 0.1150 0.1150 0.1150 0.1150 0.1150
0.1147 0.1147 0.1147 0.1147 0.1147 0.1147 0.1147 0.1147 0.1147 0.1147 0.1147 0.1147 0.1147
0.1143 0.1143 0.1143 0.1143 0.1143 0.1143 0.1143 0.1143 0.1143 0.1143 0.1143 0.1143 0.1143
0.1142 0.1142 0.1142 0.1142 0.1142 0.1142 0.1142 0.1142 0.1142 0.1142 0.1142 0.1142 0.1142
0.1142 0.1142 0.1142 0.1142 0.1142 0.1142 0.1142 0.1142 0.1142 0.1142 0.1142 0.1142 0.1142
