0.0946 0.0946 0.0946 0.0946 0.0946 0.0946 0.0946 0.0946 0.0946 0.0946 0.0946 0.0946 0.0946
0.0953 0.0953 0.0952 0.0951 0.0950 0.0949 0.0948 0.0946 0.0945 0.0944 0.0943 0.0943 0.0943
0.0962 0.0961 0.0960 0.0959 0.0956 0.0954 0.0951 0.0949 0.0947 0.0945 0.0943 0.0943 0.0942
0.0974 0.0973 0.0972 0.0969 0.0965 0.0961 0.0957 0.0954 0.0950 0.0948 0.0946 0.0945 0.0944
0.0990 0.0989 0.0986 0.0982 0.0977 0.0972 0.0966 0.0961 0.0957 0.0953 0.0951 0.0949 0.0949
0.1010 0.1009 0.1005 0.0999 0.0992 0.0985 0.0977 0.0971 0.0965 0.0961 0.0958 0.0956 0.0956
0.1036 0.1034 0.1028 0.1020 0.1011 0.1001 0.0992 0.0983 0.0976 0.0971 0.0967 0.0965 0.0965
0.1066 0.1063 0.1056 0.1046 0.1034 0.1021 0.1009 0.0998 0.0990 0.0984 0.0979 0.0977 0.0977
0.1101 0.1098 0.1089 0.1076 0.1061 0.1045 0.1030 0.1017 0.1006 0.0998 0.0993 0.0990 0.0990
0.1143 0.1139 0.1128 0.1112 0.1093 0.1073 0.1054 0.1038 0.1025 0.1016 0.1010 0.1006 0.1005
0.1191 0.1187 0.1173 0.1154 0.1130 0.1105 0.1082 0.1063 0.1047 0.1036 0.1029 0.1025 0.1023
0.1248 0.1242 0.1226 0.1202 0.1173 0.1143 0.1115 0.1091 0.1073 0.1059 0.1051 0.1046 0.1044
0.1314 0.1307 0.1287 0.1257 0.1222 0.1185 0.1152 0.1123 0.1101 0.1085 0.1075 0.1069 0.1067
0.1389 0.1381 0.1356 0.1320 0.1278 0.1234 0.1194 0.1160 0.1133 0.1114 0.1102 0.1095 0.1093
0.1476 0.1465 0.1436 0.1392 0.1341 0.1289 0.1241 0.1201 0.1169 0.1147 0.1133 0.1125 0.1122
0.1575 0.1562 0.1526 0.1474 0.1413 0.1351 0.1294 0.1246 0.1209 0.1183 0.1166 0.1157 0.1154
0.1688 0.1673 0.1630 0.1566 0.1493 0.1420 0.1353 0.1297 0.1254 0.1223 0.1203 0.1192 0.1189
