0.0887 0.0887 0.0887 0.0887 0.0887 0.0887 0.0887 0.0887 0.0887 0.0887 0.0887 0.0887 0.0887
0.0889 0.0889 0.0888 0.0888 0.0888 0.0888 0.0888 0.0888 0.0888 0.0888 0.0888 0.0888 0.0888
0.0892 0.0892 0.0892 0.0892 0.0891 0.0891 0.0890 0.0890 0.0890 0.0890 0.0890 0.0890 0.0890
0.0898 0.0898 0.0898 0.0897 0.0896 0.0895 0.0895 0.0894 0.0894 0.0894 0.0894 0.0894 0.0894
0.0907 0.0907 0.0906 0.0905 0.0903 0.0902 0.0901 0.0900 0.0900 0.0900 0.0900 0.0900 0.0900
0.0919 0.0919 0.0917 0.0915 0.0913 0.0910 0.0909 0.0908 0.0907 0.0907 0.0908 0.0908 0.0908
0.0936 0.0935 0.0932 0.0929 0.0925 0.0921 0.0919 0.0917 0.0917 0.0916 0.0917 0.0917 0.0918
0.0955 0.0954 0.0950 0.0946 0.0940 0.0935 0.0931 0.0929 0.0928 0.0927 0.0927 0.0928 0.0929
0.0980 0.0978 0.0973 0.0966 0.0959 0.0952 0.0946 0.0943 0.0941 0.0940 0.0940 0.0941 0.0941
0.1008 0.1006 0.1000 0.0991 0.0981 0.0972 0.0964 0.0959 0.0956 0.0955 0.0955 0.0955 0.0955
0.1043 0.1040 0.1033 0.1021 0.1009 0.0996 0.0986 0.0978 0.0974 0.0972 0.0971 0.0971 0.0971
0.1085 0.1081 0.1071 0.1057 0.1040 0.1024 0.1010 0.1000 0.0994 0.0991 0.0990 0.0990 0.0990
0.1134 0.1130 0.1117 0.1099 0.1078 0.1057 0.1039 0.1026 0.1017 0.1013 0.1011 0.1011 0.1011
0.1193 0.1187 0.1171 0.1148 0.1121 0.1095 0.1073 0.1056 0.1044 0.1038 0.1035 0.1034 0.1034
0.1262 0.1254 0.1234 0.1205 0.1172 0.1140 0.1111 0.1090 0.1075 0.1066 0.1062 0.1061 0.1060
0.1343 0.1334 0.1308 0.1272 0.1231 0.1190 0.1156 0.1128 0.1110 0.1098 0.1093 0.1090 0.1089
0.1438 0.1426 0.1395 0.1349 0.1298 0.1249 0.1206 0.1173 0.1149 0.1134 0.1127 0.1123 0.1122
