0.1035 0.1035 0.1035 0.1035 0.1035 0.1035 0.1035 0.1035 0.1035 0.1035 0.1035 0.1035 0.1035
0.1019 0.1020 0.1021 0.1023 0.1027 0.1031 0.1035 0.1039 0.1042 0.1045 0.1048 0.1050 0.1050
0.1007 0.1008 0.1010 0.1015 0.1021 0.1027 0.1035 0.1042 0.1049 0.1056 0.1061 0.1064 0.1065
0.0996 0.0996 0.1001 0.1007 0.1015 0.1025 0.1035 0.1047 0.1057 0.1066 0.1074 0.1079 0.1080
0.0985 0.0987 0.0992 0.0999 0.1009 0.1022 0.1036 0.1051 0.1066 0.1078 0.1088 0.1094 0.1096
0.0975 0.0978 0.0983 0.0992 0.1005 0.1020 0.1037 0.1056 0.1074 0.1089 0.1102 0.1110 0.1113
0.0968 0.0970 0.0976 0.0987 0.1001 0.1018 0.1039 0.1061 0.1082 0.1101 0.1117 0.1127 0.1130
0.0962 0.0964 0.0971 0.0983 0.0998 0.1018 0.1041 0.1066 0.1091 0.1114 0.1131 0.1143 0.1147
0.0958 0.0961 0.0967 0.0979 0.0996 0.1018 0.1044 0.1072 0.1100 0.1126 0.1146 0.1160 0.1165
0.0957 0.0958 0.0966 0.0979 0.0996 0.1019 0.1048 0.1079 0.1109 0.1139 0.1161 0.1177 0.1183
0.0957 0.0960 0.0966 0.0979 0.0997 0.1022 0.1052 0.1085 0.1119 0.1152 0.1178 0.1194 0.1200
0.0962 0.0964 0.0970 0.0982 0.1001 0.1026 0.1057 0.1092 0.1130 0.1165 0.1193 0.1212 0.1219
0.0969 0.0970 0.0976 0.0988 0.1005 0.1031 0.1064 0.1101 0.1141 0.1179 0.1210 0.1231 0.1238
0.0980 0.0982 0.0986 0.0996 0.1013 0.1038 0.1071 0.1111 0.1153 0.1193 0.1227 0.1249 0.1257
0.0996 0.0996 0.1000 0.1008 0.1023 0.1048 0.1081 0.1122 0.1166 0.1209 0.1244 0.1268 0.1277
0.1017 0.1017 0.1018 0.1023 0.1036 0.1060 0.1092 0.1134 0.1180 0.1225 0.1263 0.1288 0.1297
0.1043 0.1042 0.1041 0.1044 0.1053 0.1075 0.1106 0.1148 0.1196 0.1243 0.1283 0.1309 0.1318
