0.1034 0.1034 0.1034 0.1034 0.1034 0.1034 0.1034 0.1034 0.1034 0.1034 0.1034 0.1034 0.1034
0.1046 0.1045 0.1044 0.1042 0.1040 0.1038 0.1036 0.1033 0.1032 0.1030 0.1029 0.1028 0.1028
0.1060 0.1060 0.1057 0.1054 0.1050 0.1045 0.1041 0.1036 0.1033 0.1030 0.1028 0.1027 0.1027
0.1080 0.1079 0.1075 0.1069 0.1063 0.1055 0.1049 0.1042 0.1037 0.1033 0.1031 0.1029 0.1029
0.1106 0.1103 0.1098 0.1090 0.1079 0.1069 0.1060 0.1051 0.1044 0.1040 0.1037 0.1035 0.1034
0.1138 0.1135 0.1127 0.1115 0.1101 0.1087 0.1075 0.1064 0.1055 0.1049 0.1046 0.1044 0.1044
0.1178 0.1173 0.1162 0.1147 0.1128 0.1110 0.1092 0.1079 0.1069 0.1062 0.1059 0.1057 0.1056
0.1226 0.1220 0.1206 0.1184 0.1160 0.1136 0.1115 0.1098 0.1086 0.1079 0.1075 0.1073 0.1072
0.1284 0.1277 0.1258 0.1230 0.1198 0.1168 0.1141 0.1121 0.1107 0.1099 0.1094 0.1092 0.1092
0.1354 0.1345 0.1319 0.1284 0.1243 0.1205 0.1173 0.1148 0.1132 0.1122 0.1117 0.1115 0.1114
0.1437 0.1426 0.1393 0.1347 0.1296 0.1249 0.1209 0.1180 0.1160 0.1149 0.1143 0.1141 0.1141
0.1537 0.1522 0.1480 0.1422 0.1359 0.1300 0.1252 0.1216 0.1193 0.1180 0.1174 0.1172 0.1171
0.1656 0.1636 0.1584 0.1510 0.1431 0.1359 0.1300 0.1258 0.1230 0.1216 0.1209 0.1207 0.1206
0.1796 0.1771 0.1705 0.1612 0.1514 0.1426 0.1356 0.1305 0.1274 0.1256 0.1249 0.1246 0.1245
0.1963 0.1932 0.1848 0.1732 0.1612 0.1504 0.1419 0.1359 0.1322 0.1302 0.1293 0.1290 0.1290
0.2160 0.2120 0.2016 0.1872 0.1723 0.1592 0.1491 0.1420 0.1376 0.1353 0.1343 0.1340 0.1339
0.2393 0.2344 0.2212 0.2034 0.1851 0.1693 0.1572 0.1489 0.1437 0.1410 0.1399 0.1395 0.1394
