0.0963 0.0963 0.0963 0.0963 0.0963 0.0963 0.0963 0.0963 0.0963 0.0963 0.0963 0.0963 0.0963
0.0958 0.0958 0.0959 0.0959 0.0961 0.0962 0.0964 0.0965 0.0967 0.0968 0.0969 0.0970 0.0970
0.0954 0.0954 0.0956 0.0957 0.0959 0.0962 0.0965 0.0968 0.0971 0.0973 0.0975 0.0976 0.0977
0.0952 0.0952 0.0953 0.0956 0.0959 0.0963 0.0967 0.0971 0.0975 0.0979 0.0982 0.0984 0.0984
0.0950 0.0951 0.0953 0.0956 0.0960 0.0964 0.0970 0.0975 0.0981 0.0986 0.0989 0.0992 0.0993
0.0951 0.0952 0.0954 0.0957 0.0961 0.0967 0.0973 0.0980 0.0987 0.0993 0.0998 0.1001 0.1002
0.0953 0.0954 0.0956 0.0960 0.0965 0.0971 0.0978 0.0986 0.0994 0.1001 0.1007 0.1011 0.1012
0.0958 0.0958 0.0961 0.0964 0.0969 0.0976 0.0984 0.0993 0.1002 0.1010 0.1017 0.1022 0.1023
0.0965 0.0966 0.0968 0.0971 0.0976 0.0983 0.0991 0.1001 0.1011 0.1020 0.1028 0.1033 0.1035
0.0975 0.0976 0.0977 0.0980 0.0985 0.0991 0.1000 0.1010 0.1021 0.1031 0.1040 0.1045 0.1047
0.0989 0.0989 0.0990 0.0992 0.0996 0.1002 0.1010 0.1021 0.1032 0.1043 0.1052 0.1059 0.1061
0.1006 0.1006 0.1006 0.1007 0.1009 0.1015 0.1023 0.1033 0.1045 0.1057 0.1066 0.1073 0.1075
0.1027 0.1027 0.1025 0.1025 0.1026 0.1030 0.1037 0.1047 0.1059 0.1071 0.1082 0.1089 0.1091
0.1053 0.1052 0.1050 0.1047 0.1047 0.1049 0.1055 0.1064 0.1075 0.1088 0.1098 0.1106 0.1108
0.1085 0.1083 0.1079 0.1074 0.1071 0.1071 0.1075 0.1083 0.1094 0.1106 0.1117 0.1124 0.1127
0.1123 0.1121 0.1115 0.1106 0.1100 0.1096 0.1098 0.1104 0.1114 0.1126 0.1137 0.1144 0.1147
0.1169 0.1166 0.1157 0.1145 0.1134 0.1126 0.1125 0.1129 0.1138 0.1149 0.1159 0.1167 0.1169
