0.0969 0.0969 0.0969 0.0969 0.0969 0.0969 0.0969 0.0969 0.0969 0.0969 0.0969 0.0969 0.0969
0.0965 0.0965 0.0966 0.0967 0.0967 0.0969 0.0970 0.0971 0.0972 0.0973 0.0974 0.0974 0.0974
0.0963 0.0963 0.0963 0.0965 0.0967 0.0968 0.0970 0.0972 0.0974 0.0976 0.0978 0.0978 0.0979
0.0959 0.0960 0.0961 0.0963 0.0965 0.0968 0.0972 0.0974 0.0977 0.0980 0.0982 0.0983 0.0984
0.0958 0.0958 0.0960 0.0962 0.0965 0.0969 0.0973 0.0977 0.0980 0.0984 0.0987 0.0988 0.0989
0.0956 0.0957 0.0959 0.0962 0.0965 0.0970 0.0975 0.0980 0.0984 0.0988 0.0991 0.0994 0.0994
0.0956 0.0957 0.0959 0.0963 0.0967 0.0972 0.0977 0.0983 0.0988 0.0994 0.0997 0.1000 0.1000
0.0957 0.0958 0.0961 0.0964 0.0968 0.0974 0.0980 0.0987 0.0993 0.0998 0.1003 0.1006 0.1007
0.0959 0.0961 0.0963 0.0966 0.0972 0.0977 0.0984 0.0991 0.0998 0.1005 0.1009 0.1013 0.1013
0.0963 0.0964 0.0966 0.0970 0.0975 0.0982 0.0989 0.0997 0.1005 0.1011 0.1016 0.1020 0.1021
0.0968 0.0969 0.0972 0.0976 0.0980 0.0987 0.0995 0.1003 0.1011 0.1018 0.1024 0.1028 0.1029
0.0976 0.0976 0.0978 0.0983 0.0988 0.0995 0.1002 0.1011 0.1019 0.1027 0.1033 0.1037 0.1038
0.0985 0.0986 0.0988 0.0991 0.0997 0.1003 0.1011 0.1020 0.1029 0.1036 0.1042 0.1046 0.1048
0.0997 0.0998 0.1000 0.1003 0.1008 0.1014 0.1022 0.1030 0.1039 0.1047 0.1053 0.1058 0.1059
0.1013 0.1013 0.1014 0.1017 0.1021 0.1027 0.1034 0.1042 0.1051 0.1059 0.1066 0.1070 0.1072
0.1031 0.1031 0.1032 0.1034 0.1037 0.1042 0.1049 0.1057 0.1065 0.1073 0.1079 0.1083 0.1086
0.1053 0.1053 0.1054 0.1055 0.1057 0.1061 0.1066 0.1073 0.1081 0.1089 0.1095 0.1099 0.1101
