0.1001 0.1001 0.1001 0.1001 0.1001 0.1001 0.1001 0.1001 0.1001 0.1001 0.1001 0.1001 0.1001
0.0995 0.0995 0.0996 0.0997 0.0998 0.1000 0.1002 0.1004 0.1005 0.1007 0.1008 0.1009 0.1010
0.0992 0.0993 0.0994 0.0995 0.0998 0.1000 0.1004 0.1007 0.1011 0.1014 0.1016 0.1018 0.1019
0.0992 0.0993 0.0994 0.0996 0.0998 0.1002 0.1007 0.1012 0.1017 0.1022 0.1027 0.1029 0.1031
0.0995 0.0996 0.0997 0.0998 0.1001 0.1005 0.1011 0.1018 0.1025 0.1032 0.1038 0.1042 0.1043
0.1002 0.1002 0.1003 0.1004 0.1006 0.1010 0.1017 0.1025 0.1034 0.1044 0.1052 0.1057 0.1058
0.1013 0.1013 0.1012 0.1012 0.1013 0.1018 0.1025 0.1034 0.1045 0.1057 0.1066 0.1073 0.1075
0.1028 0.1028 0.1025 0.1024 0.1024 0.1027 0.1034 0.1044 0.1057 0.1070 0.1082 0.1090 0.1093
0.1049 0.1048 0.1044 0.1039 0.1037 0.1038 0.1045 0.1056 0.1071 0.1086 0.1100 0.1109 0.1112
0.1077 0.1074 0.1067 0.1059 0.1054 0.1053 0.1058 0.1070 0.1085 0.1103 0.1118 0.1129 0.1133
0.1112 0.1108 0.1097 0.1085 0.1074 0.1070 0.1074 0.1085 0.1102 0.1121 0.1139 0.1151 0.1155
0.1156 0.1150 0.1135 0.1116 0.1100 0.1091 0.1092 0.1103 0.1121 0.1142 0.1161 0.1174 0.1179
0.1211 0.1203 0.1182 0.1155 0.1130 0.1116 0.1114 0.1123 0.1141 0.1164 0.1185 0.1200 0.1205
0.1279 0.1269 0.1239 0.1202 0.1168 0.1145 0.1139 0.1146 0.1164 0.1188 0.1210 0.1227 0.1233
0.1362 0.1348 0.1309 0.1259 0.1213 0.1181 0.1167 0.1172 0.1189 0.1214 0.1238 0.1255 0.1262
0.1464 0.1445 0.1394 0.1327 0.1266 0.1222 0.1201 0.1201 0.1218 0.1242 0.1268 0.1287 0.1293
0.1589 0.1564 0.1496 0.1410 0.1329 0.1270 0.1239 0.1235 0.1249 0.1274 0.1301 0.1320 0.1327
