0.0855 0.0855 0.0855 0.0855 0.0855 0.0855 0.0855 0.0855 0.0855 0.0855 0.0855 0.0855 0.0855
0.0850 0.0851 0.0851 0.0852 0.0853 0.0854 0.0855 0.0857 0.0858 0.0859 0.0860 0.0860 0.0861
0.0848 0.0848 0.0849 0.0850 0.0852 0.0854 0.0856 0.0859 0.0861 0.0863 0.0865 0.0866 0.0866
0.0846 0.0846 0.0847 0.0849 0.0852 0.0854 0.0858 0.0861 0.0865 0.0868 0.0870 0.0872 0.0873
0.0845 0.0846 0.0847 0.0849 0.0852 0.0856 0.0860 0.0865 0.0869 0.0873 0.0877 0.0879 0.0880
0.0847 0.0847 0.0848 0.0851 0.0854 0.0858 0.0863 0.0869 0.0875 0.0879 0.0884 0.0887 0.0888
0.0847 0.0848 0.0852 0.0854 0.0857 0.0861 0.0867 0.0873 0.0880 0.0886 0.0891 0.0895 0.0897
0.0853 0.0853 0.0857 0.0859 0.0862 0.0866 0.0872 0.0879 0.0887 0.0894 0.0900 0.0904 0.0907
0.0861 0.0862 0.0865 0.0866 0.0869 0.0872 0.0878 0.0886 0.0894 0.0902 0.0908 0.0913 0.0916
0.0875 0.0875 0.0876 0.0876 0.0877 0.0881 0.0886 0.0894 0.0902 0.0911 0.0918 0.0923 0.0925
0.0891 0.0890 0.0890 0.0889 0.0889 0.0891 0.0895 0.0903 0.0911 0.0921 0.0928 0.0934 0.0936
0.0911 0.0910 0.0907 0.0904 0.0903 0.0903 0.0907 0.0913 0.0922 0.0932 0.0940 0.0946 0.0948
0.0935 0.0933 0.0929 0.0924 0.0920 0.0919 0.0920 0.0926 0.0934 0.0944 0.0953 0.0958 0.0961
0.0964 0.0962 0.0956 0.0949 0.0941 0.0937 0.0937 0.0941 0.0948 0.0958 0.0966 0.0973 0.0975
0.1002 0.0998 0.0989 0.0978 0.0967 0.0959 0.0956 0.0958 0.0964 0.0973 0.0982 0.0988 0.0991
0.1048 0.1044 0.1031 0.1014 0.0999 0.0986 0.0980 0.0979 0.0983 0.0991 0.0999 0.1006 0.1008
0.1104 0.1098 0.1081 0.1059 0.1036 0.1019 0.1007 0.1003 0.1005 0.1011 0.1019 0.1025 0.1027
