0.0926 0.0926 0.0926 0.0926 0.0926 0.0926 0.0926 0.0926 0.0926 0.0926 0.0926 0.0926 0.0926
0.0927 0.0927 0.0927 0.0927 0.0927 0.0927 0.0927 0.0927 0.0927 0.0927 0.0927 0.0927 0.0927
0.0927 0.0927 0.0927 0.0927 0.0927 0.0927 0.0927 0.0927 0.0927 0.0927 0.0927 0.0927 0.0927
0.0929 0.0929 0.0929 0.0929 0.0929 0.0929 0.0929 0.0929 0.0929 0.0929 0.0929 0.0929 0.0929
0.0933 0.0933 0.0933 0.0933 0.0933 0.0933 0.0933 0.0933 0.0933 0.0933 0.0933 0.0933 0.0933
0.0938 0.0938 0.0938 0.0938 0.0938 0.0938 0.0938 0.0938 0.0938 0.0938 0.0938 0.0938 0.0938
0.0943 0.0943 0.0943 0.0943 0.0943 0.0943 0.0943 0.0943 0.0943 0.0943 0.0943 0.0943 0.0943
0.0951 0.0951 0.0951 0.0951 0.0951 0.0951 0.0951 0.0951 0.0951 0.0951 0.0951 0.0951 0.0951
0.0959 0.0959 0.0959 0.0959 0.0959 0.0959 0.0959 0.0959 0.0959 0.0959 0.0959 0.0959 0.0959
0.0970 0.0970 0.0970 0.0970 0.0970 0.0970 0.0970 0.0970 0.0970 0.0970 0.0970 0.0970 0.0970
0.0982 0.0982 0.0982 0.0982 0.0982 0.0982 0.0982 0.0982 0.0982 0.0982 0.0982 0.0982 0.0982
0.0996 0.0996 0.0996 0.0996 0.0996 0.0996 0.0996 0.0996 0.0996 0.0996 0.0996 0.0996 0.0996
0.1013 0.1013 0.1013 0.1013 0.1013 0.1013 0.1013 0.1013 0.1013 0.1013 0.1013 0.1013 0.1013
0.1033 0.1033 0.1033 0.1033 0.1033 0.1033 0.1033 0.1033 0.1033 0.1033 0.1033 0.1033 0.1033
0.1055 0.1055 0.1055 0.1055 0.1055 0.1055 0.1055 0.1055 0.1055 0.1055 0.1055 0.1055 0.1055
0.1081 0.1081 0.1081 0.1081 0.1081 0.1081 0.1081 0.1081 0.1081 0.1081 0.1081 0.1081 0.1081
0.1111 0.1111 0.1111 0.1111 0.1111 0.1111 0.1111 0.1111 0.1111 0.1111 0.1111 0.1111 0.1111
