0.0887 0.0887 0.0887 0.0887 0.0887 0.0887 0.0887 0.0887 0.0887 0.0887 0.0887 0.0887 0.0887
0.0883 0.0883 0.0884 0.0885 0.0886 0.0886 0.0888 0.0889 0.0891 0.0892 0.0892 0.0893 0.0893
0.0883 0.0883 0.0883 0.0884 0.0886 0.0887 0.0889 0.0892 0.0895 0.0897 0.0898 0.0900 0.0900
0.0883 0.0883 0.0884 0.0885 0.0886 0.0889 0.0892 0.0895 0.0899 0.0903 0.0906 0.0908 0.0908
0.0886 0.0886 0.0887 0.0888 0.0889 0.0892 0.0895 0.0900 0.0905 0.0910 0.0914 0.0917 0.0918
0.0892 0.0892 0.0892 0.0892 0.0894 0.0897 0.0901 0.0906 0.0912 0.0918 0.0923 0.0927 0.0929
0.0902 0.0902 0.0901 0.0901 0.0901 0.0903 0.0907 0.0913 0.0920 0.0928 0.0934 0.0939 0.0940
0.0915 0.0914 0.0913 0.0911 0.0910 0.0911 0.0915 0.0921 0.0929 0.0939 0.0946 0.0951 0.0953
0.0932 0.0931 0.0928 0.0924 0.0921 0.0921 0.0924 0.0930 0.0940 0.0950 0.0958 0.0964 0.0966
0.0954 0.0952 0.0948 0.0942 0.0936 0.0934 0.0936 0.0942 0.0951 0.0962 0.0972 0.0979 0.0982
0.0980 0.0977 0.0973 0.0963 0.0954 0.0949 0.0949 0.0954 0.0964 0.0976 0.0987 0.0995 0.0999
0.1021 0.1016 0.1004 0.0990 0.0977 0.0968 0.0965 0.0969 0.0979 0.0991 0.1003 0.1012 0.1016
0.1066 0.1061 0.1044 0.1023 0.1004 0.0990 0.0984 0.0986 0.0995 0.1008 0.1020 0.1030 0.1034
0.1121 0.1112 0.1091 0.1063 0.1036 0.1016 0.1006 0.1006 0.1013 0.1026 0.1040 0.1050 0.1053
0.1190 0.1179 0.1150 0.1112 0.1075 0.1048 0.1032 0.1028 0.1035 0.1047 0.1060 0.1071 0.1075
0.1276 0.1261 0.1222 0.1172 0.1123 0.1085 0.1062 0.1054 0.1058 0.1069 0.1084 0.1094 0.1098
0.1381 0.1362 0.1311 0.1245 0.1180 0.1129 0.1098 0.1084 0.1085 0.1095 0.1109 0.1120 0.1124
