0.1036 0.1036 0.1036 0.1036 0.1036 0.1036 0.1036 0.1036 0.1036 0.1036 0.1036 0.1036 0.1036
0.1023 0.1023 0.1024 0.1026 0.1029 0.1032 0.1036 0.1039 0.1043 0.1046 0.1048 0.1049 0.1050
0.1013 0.1014 0.1016 0.1019 0.1024 0.1030 0.1037 0.1043 0.1049 0.1055 0.1059 0.1062 0.1063
0.1004 0.1005 0.1008 0.1013 0.1020 0.1028 0.1038 0.1047 0.1057 0.1065 0.1071 0.1076 0.1077
0.0996 0.0998 0.1002 0.1008 0.1017 0.1027 0.1039 0.1052 0.1065 0.1076 0.1085 0.1090 0.1092
0.0991 0.0992 0.0997 0.1004 0.1014 0.1027 0.1042 0.1057 0.1073 0.1087 0.1098 0.1105 0.1108
0.0987 0.0989 0.0994 0.1002 0.1013 0.1028 0.1045 0.1063 0.1082 0.1099 0.1113 0.1121 0.1124
0.0986 0.0988 0.0993 0.1001 0.1014 0.1029 0.1049 0.1070 0.1091 0.1111 0.1127 0.1138 0.1141
0.0988 0.0989 0.0994 0.1003 0.1015 0.1032 0.1053 0.1077 0.1101 0.1124 0.1142 0.1155 0.1159
0.0992 0.0994 0.0998 0.1006 0.1019 0.1037 0.1059 0.1085 0.1112 0.1137 0.1158 0.1172 0.1177
0.1002 0.1003 0.1006 0.1013 0.1025 0.1043 0.1066 0.1094 0.1123 0.1151 0.1175 0.1190 0.1196
0.1015 0.1016 0.1017 0.1023 0.1034 0.1051 0.1075 0.1104 0.1136 0.1166 0.1192 0.1209 0.1215
0.1032 0.1032 0.1033 0.1036 0.1045 0.1061 0.1085 0.1115 0.1149 0.1182 0.1209 0.1228 0.1235
0.1056 0.1055 0.1053 0.1054 0.1060 0.1074 0.1098 0.1128 0.1164 0.1198 0.1228 0.1248 0.1255
0.1086 0.1084 0.1080 0.1076 0.1078 0.1090 0.1112 0.1143 0.1179 0.1216 0.1248 0.1269 0.1277
0.1125 0.1121 0.1113 0.1104 0.1102 0.1110 0.1130 0.1160 0.1197 0.1235 0.1268 0.1291 0.1299
0.1173 0.1168 0.1154 0.1139 0.1130 0.1133 0.1150 0.1179 0.1217 0.1256 0.1291 0.1315 0.1323
