0.0887 0.0887 0.0887 0.0887 0.0887 0.0887 0.0887 0.0887 0.0887 0.0887 0.0887 0.0887 0.0887
0.0877 0.0877 0.0878 0.0880 0.0882 0.0885 0.0887 0.0890 0.0893 0.0895 0.0897 0.0898 0.0899
0.0869 0.0870 0.0872 0.0874 0.0878 0.0883 0.0888 0.0894 0.0899 0.0903 0.0906 0.0909 0.0909
0.0863 0.0863 0.0866 0.0870 0.0876 0.0883 0.0890 0.0898 0.0905 0.0911 0.0917 0.0920 0.0921
0.0857 0.0858 0.0861 0.0866 0.0874 0.0883 0.0892 0.0902 0.0912 0.0921 0.0928 0.0933 0.0935
0.0853 0.0855 0.0858 0.0864 0.0873 0.0883 0.0895 0.0907 0.0920 0.0932 0.0940 0.0946 0.0949
0.0851 0.0852 0.0856 0.0863 0.0873 0.0884 0.0899 0.0914 0.0929 0.0943 0.0954 0.0961 0.0963
0.0851 0.0852 0.0856 0.0863 0.0874 0.0887 0.0903 0.0920 0.0938 0.0954 0.0967 0.0976 0.0979
0.0852 0.0854 0.0858 0.0865 0.0876 0.0891 0.0909 0.0928 0.0948 0.0967 0.0982 0.0992 0.0995
0.0855 0.0857 0.0861 0.0869 0.0880 0.0895 0.0914 0.0936 0.0959 0.0980 0.0997 0.1008 0.1012
0.0862 0.0863 0.0867 0.0874 0.0885 0.0902 0.0922 0.0946 0.0971 0.0994 0.1013 0.1026 0.1030
0.0870 0.0872 0.0875 0.0881 0.0893 0.0909 0.0931 0.0956 0.0983 0.1009 0.1030 0.1045 0.1049
0.0882 0.0883 0.0885 0.0891 0.0902 0.0918 0.0940 0.0968 0.0997 0.1024 0.1048 0.1064 0.1069
0.0897 0.0898 0.0899 0.0904 0.0913 0.0929 0.0952 0.0980 0.1011 0.1042 0.1067 0.1084 0.1090
0.0916 0.0916 0.0916 0.0919 0.0927 0.0942 0.0965 0.0994 0.1027 0.1060 0.1087 0.1105 0.1112
0.0939 0.0938 0.0936 0.0938 0.0944 0.0958 0.0980 0.1010 0.1045 0.1079 0.1108 0.1128 0.1135
0.0967 0.0965 0.0961 0.0960 0.0963 0.0975 0.0997 0.1028 0.1063 0.1100 0.1130 0.1152 0.1159
