0.1012 0.1012 0.1012 0.1012 0.1012 0.1012 0.1012 0.1012 0.1012 0.1012 0.1012 0.1012 0.1012
0.1003 0.1004 0.1005 0.1006 0.1008 0.1010 0.1012 0.1015 0.1017 0.1019 0.1021 0.1022 0.1022
0.0996 0.0997 0.0998 0.1001 0.1005 0.1009 0.1013 0.1017 0.1022 0.1026 0.1029 0.1030 0.1031
0.0990 0.0991 0.0993 0.0997 0.1002 0.1007 0.1014 0.1020 0.1027 0.1032 0.1036 0.1039 0.1040
0.0984 0.0985 0.0988 0.0993 0.0999 0.1007 0.1015 0.1024 0.1032 0.1039 0.1046 0.1049 0.1051
0.0980 0.0981 0.0984 0.0990 0.0998 0.1007 0.1017 0.1027 0.1038 0.1047 0.1054 0.1059 0.1060
0.0976 0.0977 0.0981 0.0988 0.0996 0.1007 0.1019 0.1031 0.1044 0.1055 0.1063 0.1069 0.1071
0.0974 0.0975 0.0980 0.0987 0.0997 0.1008 0.1022 0.1036 0.1051 0.1063 0.1073 0.1079 0.1082
0.0974 0.0976 0.0981 0.0988 0.0998 0.1011 0.1026 0.1041 0.1058 0.1072 0.1083 0.1091 0.1094
0.0976 0.0978 0.0982 0.0990 0.1000 0.1014 0.1030 0.1048 0.1065 0.1081 0.1094 0.1102 0.1105
0.0981 0.0982 0.0986 0.0994 0.1005 0.1019 0.1036 0.1054 0.1073 0.1091 0.1105 0.1114 0.1117
0.0988 0.0989 0.0993 0.1000 0.1011 0.1025 0.1042 0.1062 0.1082 0.1101 0.1116 0.1126 0.1130
0.0998 0.0999 0.1003 0.1009 0.1019 0.1033 0.1051 0.1071 0.1092 0.1112 0.1128 0.1139 0.1143
0.1012 0.1012 0.1015 0.1020 0.1029 0.1043 0.1060 0.1081 0.1103 0.1124 0.1141 0.1153 0.1156
0.1029 0.1029 0.1031 0.1035 0.1043 0.1055 0.1072 0.1093 0.1115 0.1137 0.1155 0.1167 0.1171
0.1051 0.1051 0.1052 0.1054 0.1060 0.1070 0.1086 0.1106 0.1129 0.1151 0.1170 0.1182 0.1187
0.1079 0.1078 0.1077 0.1077 0.1080 0.1089 0.1103 0.1122 0.1144 0.1167 0.1186 0.1199 0.1204
