0.0965 0.0965 0.0965 0.0965 0.0965 0.0965 0.0965 0.0965 0.0965 0.0965 0.0965 0.0965 0.0965
0.0961 0.0961 0.0961 0.0962 0.0963 0.0964 0.0966 0.0967 0.0969 0.0970 0.0971 0.0971 0.0972
0.0959 0.0960 0.0960 0.0961 0.0963 0.0965 0.0968 0.0970 0.0973 0.0975 0.0977 0.0978 0.0979
0.0960 0.0960 0.0961 0.0963 0.0965 0.0967 0.0971 0.0975 0.0978 0.0982 0.0985 0.0987 0.0988
0.0963 0.0963 0.0964 0.0966 0.0968 0.0971 0.0975 0.0980 0.0986 0.0990 0.0994 0.0997 0.0998
0.0969 0.0969 0.0970 0.0971 0.0973 0.0977 0.0981 0.0987 0.0994 0.1000 0.1005 0.1008 0.1010
0.0978 0.0978 0.0978 0.0979 0.0981 0.0984 0.0989 0.0996 0.1003 0.1011 0.1017 0.1021 0.1023
0.0991 0.0990 0.0990 0.0989 0.0990 0.0993 0.0998 0.1005 0.1014 0.1023 0.1030 0.1036 0.1037
0.1008 0.1007 0.1005 0.1003 0.1003 0.1005 0.1010 0.1017 0.1027 0.1036 0.1045 0.1051 0.1053
0.1029 0.1028 0.1025 0.1021 0.1019 0.1019 0.1023 0.1030 0.1040 0.1051 0.1061 0.1068 0.1070
0.1056 0.1054 0.1050 0.1043 0.1038 0.1036 0.1039 0.1045 0.1056 0.1068 0.1078 0.1086 0.1089
0.1091 0.1088 0.1080 0.1070 0.1061 0.1056 0.1057 0.1063 0.1073 0.1086 0.1097 0.1106 0.1109
0.1132 0.1128 0.1117 0.1102 0.1089 0.1080 0.1078 0.1083 0.1093 0.1106 0.1118 0.1127 0.1130
0.1182 0.1176 0.1161 0.1141 0.1122 0.1108 0.1103 0.1105 0.1115 0.1128 0.1141 0.1150 0.1153
0.1243 0.1235 0.1214 0.1188 0.1161 0.1141 0.1131 0.1131 0.1139 0.1152 0.1165 0.1175 0.1178
0.1315 0.1305 0.1278 0.1242 0.1207 0.1179 0.1163 0.1160 0.1166 0.1178 0.1192 0.1202 0.1206
0.1401 0.1388 0.1353 0.1307 0.1260 0.1223 0.1200 0.1192 0.1196 0.1208 0.1221 0.1231 0.1235
