0.0870 0.0870 0.0870 0.0870 0.0870 0.0870 0.0870 0.0870 0.0870 0.0870 0.0870 0.0870 0.0870
0.0865 0.0865 0.0866 0.0866 0.0867 0.0869 0.0870 0.0871 0.0873 0.0873 0.0875 0.0875 0.0875
0.0863 0.0863 0.0864 0.0865 0.0866 0.0869 0.0871 0.0873 0.0876 0.0878 0.0879 0.0880 0.0881
0.0861 0.0862 0.0863 0.0865 0.0866 0.0869 0.0873 0.0876 0.0880 0.0882 0.0885 0.0887 0.0887
0.0861 0.0862 0.0863 0.0865 0.0867 0.0871 0.0875 0.0880 0.0884 0.0888 0.0891 0.0894 0.0894
0.0863 0.0863 0.0865 0.0866 0.0870 0.0874 0.0879 0.0884 0.0889 0.0894 0.0898 0.0901 0.0903
0.0865 0.0865 0.0868 0.0870 0.0873 0.0878 0.0883 0.0889 0.0895 0.0901 0.0907 0.0910 0.0912
0.0871 0.0871 0.0874 0.0876 0.0879 0.0882 0.0888 0.0895 0.0903 0.0909 0.0915 0.0919 0.0922
0.0880 0.0880 0.0883 0.0884 0.0886 0.0889 0.0895 0.0902 0.0910 0.0918 0.0924 0.0929 0.0931
0.0894 0.0894 0.0894 0.0894 0.0895 0.0898 0.0903 0.0910 0.0919 0.0928 0.0934 0.0939 0.0941
0.0911 0.0910 0.0909 0.0908 0.0907 0.0909 0.0913 0.0920 0.0929 0.0938 0.0945 0.0951 0.0953
0.0932 0.0931 0.0928 0.0925 0.0923 0.0922 0.0926 0.0932 0.0940 0.0949 0.0957 0.0963 0.0965
0.0957 0.0956 0.0951 0.0945 0.0941 0.0939 0.0940 0.0945 0.0953 0.0962 0.0971 0.0976 0.0979
0.0988 0.0986 0.0980 0.0972 0.0964 0.0959 0.0957 0.0961 0.0968 0.0977 0.0985 0.0991 0.0994
0.1028 0.1024 0.1014 0.1003 0.0991 0.0982 0.0978 0.0979 0.0985 0.0994 0.1002 0.1008 0.1010
0.1076 0.1071 0.1058 0.1041 0.1024 0.1010 0.1003 0.1001 0.1005 0.1012 0.1020 0.1026 0.1028
0.1134 0.1128 0.1111 0.1087 0.1063 0.1044 0.1032 0.1027 0.1028 0.1033 0.1041 0.1047 0.1049
