0.0979 0.0979 0.0979 0.0979 0.0979 0.0979 0.0979 0.0979 0.0979 0.0979 0.0979 0.0979 0.0979
0.0969 0.0970 0.0971 0.0972 0.0974 0.0976 0.0979 0.0981 0.0984 0.0986 0.0988 0.0989 0.0989
0.0963 0.0963 0.0965 0.0968 0.0971 0.0975 0.0980 0.0985 0.0989 0.0993 0.0996 0.0998 0.0999
0.0958 0.0959 0.0961 0.0964 0.0969 0.0975 0.0982 0.0989 0.0996 0.1002 0.1006 0.1009 0.1011
0.0954 0.0955 0.0958 0.0962 0.0968 0.0976 0.0985 0.0994 0.1003 0.1011 0.1017 0.1022 0.1023
0.0953 0.0954 0.0957 0.0962 0.0969 0.0978 0.0988 0.1000 0.1011 0.1021 0.1029 0.1034 0.1036
0.0953 0.0954 0.0957 0.0963 0.0971 0.0981 0.0993 0.1006 0.1020 0.1032 0.1042 0.1049 0.1051
0.0956 0.0957 0.0960 0.0966 0.0974 0.0985 0.0999 0.1014 0.1029 0.1043 0.1055 0.1063 0.1065
0.0962 0.0963 0.0966 0.0971 0.0979 0.0991 0.1006 0.1022 0.1040 0.1056 0.1069 0.1079 0.1082
0.0971 0.0971 0.0974 0.0979 0.0987 0.0998 0.1014 0.1032 0.1052 0.1069 0.1085 0.1095 0.1098
0.0983 0.0983 0.0985 0.0989 0.0996 0.1008 0.1024 0.1043 0.1064 0.1084 0.1100 0.1112 0.1116
0.0999 0.0999 0.1000 0.1002 0.1009 0.1019 0.1035 0.1056 0.1078 0.1099 0.1118 0.1131 0.1135
0.1021 0.1020 0.1019 0.1020 0.1024 0.1033 0.1049 0.1069 0.1093 0.1116 0.1136 0.1149 0.1154
0.1047 0.1046 0.1043 0.1041 0.1042 0.1050 0.1064 0.1085 0.1110 0.1135 0.1155 0.1170 0.1175
0.1081 0.1078 0.1072 0.1066 0.1065 0.1070 0.1083 0.1104 0.1128 0.1153 0.1176 0.1192 0.1197
0.1120 0.1117 0.1108 0.1098 0.1092 0.1093 0.1104 0.1123 0.1148 0.1175 0.1199 0.1215 0.1221
0.1169 0.1164 0.1150 0.1135 0.1123 0.1120 0.1128 0.1146 0.1171 0.1198 0.1223 0.1240 0.1246
