0.0930 0.0930 0.0930 0.0930 0.0930 0.0930 0.0930 0.0930 0.0930 0.0930 0.0930 0.0930 0.0930
0.0929 0.0929 0.0929 0.0929 0.0929 0.0929 0.0929 0.0929 0.0929 0.0929 0.0929 0.0929 0.0929
0.0933 0.0933 0.0933 0.0933 0.0933 0.0933 0.0933 0.0933 0.0933 0.0933 0.0933 0.0933 0.0933
0.0933 0.0933 0.0933 0.0933 0.0933 0.0933 0.0933 0.0933 0.0933 0.0933 0.0933 0.0933 0.0933
0.0933 0.0933 0.0933 0.0933 0.0933 0.0933 0.0933 0.0933 0.0933 0.0933 0.0933 0.0933 0.0933
0.0933 0.0933 0.0933 0.0933 0.0933 0.0933 0.0933 0.0933 0.0933 0.0933 0.0933 0.0933 0.0933
0.0934 0.0934 0.0934 0.0934 0.0934 0.0934 0.0934 0.0934 0.0934 0.0934 0.0934 0.0934 0.0934
0.0935 0.0935 0.0935 0.0935 0.0935 0.0935 0.0935 0.0935 0.0935 0.0935 0.0935 0.0935 0.0935
0.0935 0.0935 0.0935 0.0935 0.0935 0.0935 0.0935 0.0935 0.0935 0.0935 0.0935 0.0935 0.0935
0.0937 0.0937 0.0937 0.0937 0.0937 0.0937 0.0937 0.0937 0.0937 0.0937 0.0937 0.0937 0.0937
0.0940 0.0940 0.0940 0.0940 0.0940 0.0940 0.0940 0.0940 0.0940 0.0940 0.0940 0.0940 0.0940
0.0944 0.0944 0.0944 0.0944 0.0944 0.0944 0.0944 0.0944 0.0944 0.0944 0.0944 0.0944 0.0944
0.0950 0.0950 0.0950 0.0950 0.0950 0.0950 0.0950 0.0950 0.0950 0.0950 0.0950 0.0950 0.0950
0.0957 0.0957 0.0957 0.0957 0.0957 0.0957 0.0957 0.0957 0.0957 0.0957 0.0957 0.0957 0.0957
0.0966 0.0966 0.0966 0.0966 0.0966 0.0966 0.0966 0.0966 0.0966 0.0966 0.0966 0.0966 0.0966
0.0979 0.0979 0.0979 0.0979 0.0979 0.0979 0.0979 0.0979 0.0979 0.0979 0.0979 0.0979 0.0979
0.0994 0.0994 0.0994 0.0994 0.0994 0.0994 0.0994 0.0994 0.0994 0.0994 0.0994 0.0994 0.0994
