0.1137 0.1137 0.1137 0.1137 0.1137 0.1137 0.1137 0.1137 0.1137 0.1137 0.1137 0.1137 0.1137
0.1136 0.1136 0.1136 0.1136 0.1136 0.1136 0.1136 0.1136 0.1136 0.1136 0.1136 0.1136 0.1136
0.1135 0.1135 0.1135 0.1135 0.1135 0.1135 0.1135 0.1135 0.1135 0.1135 0.1135 0.1135 0.1135
0.1133 0.1133 0.1133 0.1133 0.1133 0.1133 0.1133 0.1133 0.1133 0.1133 0.1133 0.1133 0.1133
0.1131 0.1131 0.1131 0.1131 0.1131 0.1131 0.1131 0.1131 0.1131 0.1131 0.1131 0.1131 0.1131
0.1129 0.1129 0.1129 0.1129 0.1129 0.1129 0.1129 0.1129 0.1129 0.1129 0.1129 0.1129 0.1129
0.1126 0.1126 0.1126 0.1126 0.1126 0.1126 0.1126 0.1126 0.1126 0.1126 0.1126 0.1126 0.1126
0.1123 0.1123 0.1123 0.1123 0.1123 0.1123 0.1123 0.1123 0.1123 0.1123 0.1123 0.1123 0.1123
0.1120 0.1120 0.1120 0.1120 0.1120 0.1120 0.1120 0.1120 0.1120 0.1120 0.1120 0.1120 0.1120
0.1117 0.1117 0.1117 0.1117 0.1117 0.1117 0.1117 0.1117 0.1117 0.1117 0.1117 0.1117 0.1117
0.1114 0.1114 0.1114 0.1114 0.1114 0.1114 0.1114 0.1114 0.1114 0.1114 0.1114 0.1114 0.1114
0.1111 0.1111 0.1111 0.1111 0.1111 0.1111 0.1111 0.1111 0.1111 0.1111 0.1111 0.1111 0.1111
0.1109 0.1109 0.1109 0.1109 0.1109 0.1109 0.1109 0.1109 0.1109 0.1109 0.1109 0.1109 0.1109
0.1107 0.1107 0.1107 0.1107 0.1107 0.1107 0.1107 0.1107 0.1107 0.1107 0.1107 0.1107 0.1107
0.1107 0.1107 0.1107 0.1107 0.1107 0.1107 0.1107 0.1107 0.1107 0.1107 0.1107 0.1107 0.1107
0.1108 0.1108 0.1108 0.1108 0.1108 0.1108 0.1108 0.1108 0.1108 0.1108 0.1108 0.1108 0.1108
0.1111 0.1111 0.1111 0.1111 0.1111 0.1111 0.1111 0.1111 0.1111 0.1111 0.1111 0.1111 0.1111
