0.0952 0.0952 0.0952 0.0952 0.0952 0.0952 0.0952 0.0952 0.0952 0.0952 0.0952 0.0952 0.0952
0.0957 0.0957 0.0956 0.0956 0.0955 0.0954 0.0954 0.0953 0.0952 0.0951 0.0951 0.0951 0.0951
0.0964 0.0963 0.0963 0.0961 0.0960 0.0958 0.0957 0.0955 0.0954 0.0953 0.0952 0.0952 0.0951
0.0973 0.0973 0.0971 0.0969 0.0967 0.0964 0.0962 0.0960 0.0958 0.0956 0.0955 0.0955 0.0955
0.0986 0.0985 0.0983 0.0980 0.0977 0.0973 0.0969 0.0966 0.0964 0.0962 0.0960 0.0960 0.0960
0.1002 0.1001 0.0998 0.0994 0.0989 0.0984 0.0979 0.0975 0.0972 0.0969 0.0968 0.0967 0.0966
0.1022 0.1021 0.1017 0.1012 0.1005 0.0998 0.0992 0.0986 0.0982 0.0979 0.0977 0.0976 0.0976
0.1047 0.1045 0.1040 0.1033 0.1024 0.1015 0.1006 0.0999 0.0994 0.0990 0.0988 0.0987 0.0987
0.1076 0.1074 0.1067 0.1058 0.1046 0.1035 0.1024 0.1015 0.1008 0.1004 0.1001 0.0999 0.0999
0.1111 0.1108 0.1100 0.1088 0.1073 0.1058 0.1045 0.1034 0.1025 0.1019 0.1016 0.1014 0.1014
0.1152 0.1148 0.1138 0.1122 0.1104 0.1086 0.1069 0.1055 0.1045 0.1037 0.1033 0.1031 0.1030
0.1200 0.1195 0.1182 0.1162 0.1140 0.1117 0.1096 0.1079 0.1067 0.1058 0.1053 0.1050 0.1049
0.1255 0.1249 0.1233 0.1209 0.1181 0.1153 0.1128 0.1107 0.1091 0.1081 0.1074 0.1071 0.1070
0.1318 0.1311 0.1291 0.1262 0.1229 0.1195 0.1164 0.1138 0.1119 0.1106 0.1098 0.1094 0.1093
0.1391 0.1383 0.1359 0.1324 0.1282 0.1241 0.1204 0.1173 0.1150 0.1135 0.1125 0.1120 0.1119
0.1475 0.1464 0.1435 0.1392 0.1342 0.1292 0.1248 0.1212 0.1184 0.1166 0.1154 0.1148 0.1147
0.1571 0.1558 0.1522 0.1470 0.1410 0.1350 0.1298 0.1255 0.1223 0.1201 0.1187 0.1180 0.1177
