0.0973 0.0973 0.0973 0.0973 0.0973 0.0973 0.0973 0.0973 0.0973 0.0973 0.0973 0.0973 0.0973
0.0969 0.0969 0.0969 0.0970 0.0971 0.0972 0.0973 0.0974 0.0975 0.0976 0.0977 0.0977 0.0977
0.0965 0.0966 0.0967 0.0968 0.0969 0.0971 0.0973 0.0975 0.0977 0.0979 0.0980 0.0981 0.0982
0.0962 0.0962 0.0965 0.0966 0.0969 0.0971 0.0974 0.0977 0.0980 0.0983 0.0985 0.0986 0.0987
0.0960 0.0961 0.0963 0.0965 0.0968 0.0972 0.0976 0.0979 0.0983 0.0986 0.0989 0.0991 0.0992
0.0960 0.0961 0.0963 0.0965 0.0969 0.0973 0.0977 0.0982 0.0987 0.0991 0.0994 0.0996 0.0997
0.0961 0.0961 0.0963 0.0966 0.0970 0.0975 0.0980 0.0985 0.0990 0.0995 0.0999 0.1001 0.1002
0.0962 0.0963 0.0965 0.0968 0.0972 0.0977 0.0983 0.0989 0.0995 0.1000 0.1005 0.1007 0.1008
0.0965 0.0965 0.0967 0.0970 0.0975 0.0981 0.0987 0.0994 0.1000 0.1006 0.1011 0.1014 0.1015
0.0969 0.0970 0.0972 0.0975 0.0979 0.0985 0.0992 0.0999 0.1006 0.1013 0.1018 0.1021 0.1022
0.0976 0.0976 0.0978 0.0981 0.0986 0.0991 0.0998 0.1005 0.1013 0.1020 0.1025 0.1029 0.1030
0.0984 0.0985 0.0987 0.0989 0.0994 0.0999 0.1006 0.1013 0.1021 0.1028 0.1034 0.1038 0.1039
0.0996 0.0997 0.0998 0.1000 0.1004 0.1009 0.1016 0.1023 0.1030 0.1038 0.1043 0.1047 0.1049
0.1011 0.1011 0.1012 0.1014 0.1017 0.1021 0.1027 0.1034 0.1041 0.1049 0.1055 0.1059 0.1060
0.1030 0.1030 0.1030 0.1031 0.1033 0.1037 0.1041 0.1048 0.1055 0.1062 0.1067 0.1071 0.1072
0.1053 0.1053 0.1053 0.1052 0.1053 0.1055 0.1059 0.1064 0.1070 0.1077 0.1082 0.1086 0.1087
0.1082 0.1081 0.1079 0.1078 0.1076 0.1077 0.1079 0.1083 0.1088 0.1094 0.1099 0.1103 0.1104
