0.0957 0.0957 0.0957 0.0957 0.0957 0.0957 0.0957 0.0957 0.0957 0.0957 0.0957 0.0957 0.0957
0.0948 0.0949 0.0950 0.0950 0.0952 0.0955 0.0957 0.0959 0.0961 0.0963 0.0965 0.0966 0.0966
0.0942 0.0942 0.0943 0.0946 0.0949 0.0953 0.0957 0.0961 0.0966 0.0969 0.0972 0.0973 0.0974
0.0935 0.0936 0.0938 0.0942 0.0946 0.0952 0.0958 0.0964 0.0970 0.0975 0.0979 0.0982 0.0983
0.0929 0.0930 0.0933 0.0938 0.0944 0.0951 0.0959 0.0967 0.0975 0.0982 0.0987 0.0991 0.0992
0.0925 0.0926 0.0929 0.0934 0.0942 0.0951 0.0960 0.0971 0.0980 0.0989 0.0996 0.1000 0.1001
0.0921 0.0922 0.0926 0.0933 0.0941 0.0951 0.0962 0.0975 0.0986 0.0996 0.1004 0.1009 0.1011
0.0918 0.0920 0.0924 0.0931 0.0941 0.0952 0.0965 0.0978 0.0992 0.1004 0.1013 0.1019 0.1021
0.0917 0.0918 0.0923 0.0931 0.0941 0.0954 0.0968 0.0983 0.0998 0.1012 0.1023 0.1029 0.1032
0.0918 0.0919 0.0924 0.0932 0.0942 0.0956 0.0972 0.0989 0.1005 0.1020 0.1032 0.1040 0.1042
0.0920 0.0922 0.0926 0.0934 0.0946 0.0960 0.0976 0.0994 0.1013 0.1029 0.1042 0.1051 0.1054
0.0925 0.0926 0.0931 0.0939 0.0950 0.0965 0.0982 0.1001 0.1021 0.1038 0.1053 0.1062 0.1065
0.0931 0.0933 0.0937 0.0945 0.0956 0.0971 0.0989 0.1009 0.1030 0.1048 0.1064 0.1074 0.1077
0.0941 0.0942 0.0946 0.0953 0.0964 0.0979 0.0997 0.1018 0.1040 0.1059 0.1076 0.1086 0.1090
0.0953 0.0954 0.0958 0.0964 0.0975 0.0989 0.1007 0.1028 0.1050 0.1071 0.1088 0.1099 0.1104
0.0969 0.0970 0.0972 0.0978 0.0987 0.1000 0.1018 0.1040 0.1062 0.1084 0.1102 0.1114 0.1118
0.0989 0.0989 0.0991 0.0995 0.1002 0.1015 0.1032 0.1053 0.1076 0.1098 0.1116 0.1129 0.1133
