0.0859 0.0859 0.0859 0.0859 0.0859 0.0859 0.0859 0.0859 0.0859 0.0859 0.0859 0.0859 0.0859
0.0863 0.0863 0.0863 0.0862 0.0861 0.0861 0.0860 0.0859 0.0858 0.0857 0.0857 0.0857 0.0857
0.0870 0.0869 0.0869 0.0867 0.0866 0.0864 0.0863 0.0861 0.0860 0.0858 0.0858 0.0857 0.0857
0.0879 0.0879 0.0877 0.0875 0.0873 0.0870 0.0867 0.0865 0.0863 0.0861 0.0860 0.0860 0.0859
0.0892 0.0891 0.0889 0.0886 0.0882 0.0878 0.0874 0.0871 0.0868 0.0866 0.0865 0.0864 0.0864
0.0909 0.0908 0.0904 0.0900 0.0894 0.0889 0.0883 0.0879 0.0875 0.0873 0.0871 0.0870 0.0870
0.0930 0.0929 0.0924 0.0917 0.0909 0.0902 0.0895 0.0889 0.0885 0.0881 0.0879 0.0878 0.0879
0.0956 0.0954 0.0947 0.0939 0.0928 0.0918 0.0909 0.0902 0.0896 0.0892 0.0889 0.0889 0.0889
0.0986 0.0984 0.0975 0.0964 0.0951 0.0938 0.0926 0.0916 0.0909 0.0904 0.0901 0.0900 0.0900
0.1022 0.1019 0.1009 0.0994 0.0978 0.0961 0.0946 0.0934 0.0925 0.0919 0.0915 0.0913 0.0913
0.1064 0.1060 0.1048 0.1031 0.1010 0.0989 0.0970 0.0954 0.0943 0.0936 0.0931 0.0929 0.0928
0.1115 0.1110 0.1095 0.1073 0.1047 0.1021 0.0997 0.0978 0.0964 0.0955 0.0949 0.0946 0.0945
0.1174 0.1168 0.1149 0.1122 0.1090 0.1058 0.1029 0.1006 0.0988 0.0977 0.0970 0.0966 0.0965
0.1244 0.1236 0.1213 0.1179 0.1140 0.1101 0.1066 0.1037 0.1016 0.1002 0.0993 0.0989 0.0988
0.1325 0.1315 0.1287 0.1246 0.1198 0.1151 0.1108 0.1073 0.1047 0.1030 0.1019 0.1014 0.1013
0.1420 0.1407 0.1373 0.1322 0.1264 0.1207 0.1156 0.1114 0.1083 0.1061 0.1049 0.1042 0.1040
0.1530 0.1515 0.1472 0.1411 0.1340 0.1271 0.1210 0.1160 0.1122 0.1097 0.1082 0.1073 0.1071
