0.0981 0.0981 0.0981 0.0981 0.0981 0.0981 0.0981 0.0981 0.0981 0.0981 0.0981 0.0981 0.0981
0.0978 0.0978 0.0979 0.0979 0.0980 0.0981 0.0982 0.0983 0.0984 0.0985 0.0985 0.0986 0.0986
0.0979 0.0979 0.0979 0.0980 0.0981 0.0982 0.0984 0.0986 0.0988 0.0990 0.0992 0.0993 0.0993
0.0982 0.0983 0.0983 0.0983 0.0984 0.0986 0.0988 0.0991 0.0994 0.0997 0.1000 0.1002 0.1002
0.0989 0.0989 0.0989 0.0989 0.0990 0.0991 0.0994 0.0998 0.1002 0.1006 0.1010 0.1013 0.1013
0.1000 0.0999 0.0998 0.0997 0.0997 0.0999 0.1002 0.1006 0.1011 0.1017 0.1022 0.1025 0.1026
0.1014 0.1013 0.1012 0.1009 0.1008 0.1008 0.1011 0.1016 0.1022 0.1029 0.1036 0.1040 0.1041
0.1033 0.1032 0.1029 0.1025 0.1022 0.1021 0.1023 0.1028 0.1035 0.1043 0.1051 0.1056 0.1058
0.1058 0.1056 0.1051 0.1044 0.1039 0.1036 0.1037 0.1042 0.1050 0.1059 0.1068 0.1074 0.1076
0.1090 0.1087 0.1079 0.1069 0.1060 0.1054 0.1053 0.1057 0.1066 0.1077 0.1087 0.1094 0.1097
0.1129 0.1125 0.1113 0.1099 0.1085 0.1075 0.1072 0.1076 0.1085 0.1096 0.1108 0.1116 0.1119
0.1177 0.1171 0.1155 0.1135 0.1115 0.1101 0.1095 0.1097 0.1106 0.1118 0.1131 0.1140 0.1143
0.1235 0.1227 0.1206 0.1178 0.1151 0.1131 0.1121 0.1121 0.1129 0.1142 0.1156 0.1166 0.1169
0.1305 0.1295 0.1267 0.1230 0.1194 0.1166 0.1151 0.1148 0.1155 0.1169 0.1183 0.1194 0.1198
0.1390 0.1376 0.1340 0.1291 0.1244 0.1207 0.1185 0.1179 0.1185 0.1198 0.1213 0.1225 0.1229
0.1491 0.1473 0.1426 0.1364 0.1302 0.1254 0.1224 0.1214 0.1217 0.1231 0.1246 0.1259 0.1263
0.1613 0.1590 0.1529 0.1449 0.1371 0.1309 0.1270 0.1253 0.1254 0.1267 0.1283 0.1295 0.1300
