0.0954 0.0954 0.0954 0.0954 0.0954 0.0954 0.0954 0.0954 0.0954 0.0954 0.0954 0.0954 0.0954
0.0943 0.0944 0.0945 0.0946 0.0949 0.0951 0.0954 0.0957 0.0959 0.0962 0.0964 0.0965 0.0966
0.0935 0.0936 0.0938 0.0941 0.0945 0.0949 0.0955 0.0960 0.0966 0.0970 0.0973 0.0976 0.0976
0.0928 0.0929 0.0931 0.0936 0.0942 0.0949 0.0956 0.0964 0.0972 0.0979 0.0984 0.0987 0.0988
0.0922 0.0923 0.0927 0.0932 0.0940 0.0948 0.0958 0.0969 0.0979 0.0987 0.0995 0.0999 0.1001
0.0918 0.0919 0.0923 0.0930 0.0938 0.0949 0.0961 0.0974 0.0986 0.0997 0.1007 0.1012 0.1014
0.0915 0.0917 0.0921 0.0928 0.0938 0.0950 0.0964 0.0979 0.0994 0.1008 0.1019 0.1026 0.1028
0.0914 0.0916 0.0920 0.0928 0.0939 0.0953 0.0968 0.0986 0.1003 0.1019 0.1032 0.1040 0.1043
0.0915 0.0917 0.0922 0.0930 0.0941 0.0956 0.0973 0.0993 0.1013 0.1031 0.1046 0.1055 0.1058
0.0919 0.0920 0.0925 0.0933 0.0945 0.0960 0.0979 0.1001 0.1023 0.1043 0.1060 0.1071 0.1074
0.0925 0.0926 0.0931 0.0938 0.0950 0.0966 0.0987 0.1010 0.1034 0.1056 0.1075 0.1087 0.1091
0.0935 0.0936 0.0940 0.0946 0.0958 0.0974 0.0995 0.1020 0.1046 0.1070 0.1091 0.1104 0.1109
0.0947 0.0948 0.0951 0.0957 0.0968 0.0984 0.1005 0.1031 0.1058 0.1085 0.1107 0.1122 0.1127
0.0964 0.0964 0.0966 0.0971 0.0980 0.0995 0.1017 0.1043 0.1073 0.1101 0.1124 0.1140 0.1146
0.0985 0.0984 0.0985 0.0987 0.0995 0.1009 0.1030 0.1057 0.1088 0.1117 0.1143 0.1160 0.1165
0.1010 0.1010 0.1008 0.1008 0.1013 0.1025 0.1046 0.1073 0.1104 0.1135 0.1162 0.1180 0.1186
0.1042 0.1040 0.1037 0.1033 0.1035 0.1045 0.1064 0.1091 0.1122 0.1155 0.1183 0.1202 0.1209
