0.1016 0.1016 0.1016 0.1016 0.1016 0.1016 0.1016 0.1016 0.1016 0.1016 0.1016 0.1016 0.1016
0.1026 0.1026 0.1025 0.1023 0.1021 0.1020 0.1017 0.1015 0.1013 0.1012 0.1011 0.1010 0.1010
0.1040 0.1039 0.1037 0.1034 0.1030 0.1026 0.1021 0.1018 0.1014 0.1012 0.1010 0.1009 0.1009
0.1058 0.1057 0.1053 0.1048 0.1042 0.1035 0.1029 0.1023 0.1018 0.1015 0.1013 0.1011 0.1011
0.1082 0.1080 0.1075 0.1067 0.1057 0.1048 0.1039 0.1031 0.1025 0.1021 0.1018 0.1017 0.1016
0.1112 0.1109 0.1101 0.1090 0.1077 0.1064 0.1052 0.1042 0.1034 0.1029 0.1026 0.1025 0.1024
0.1149 0.1145 0.1135 0.1119 0.1102 0.1084 0.1068 0.1055 0.1046 0.1041 0.1037 0.1036 0.1035
0.1193 0.1188 0.1175 0.1154 0.1131 0.1108 0.1088 0.1072 0.1061 0.1054 0.1051 0.1049 0.1049
0.1248 0.1241 0.1223 0.1196 0.1166 0.1137 0.1112 0.1092 0.1079 0.1071 0.1067 0.1066 0.1065
0.1313 0.1304 0.1281 0.1246 0.1208 0.1171 0.1140 0.1116 0.1100 0.1091 0.1087 0.1085 0.1085
0.1390 0.1379 0.1349 0.1305 0.1257 0.1211 0.1172 0.1143 0.1124 0.1114 0.1109 0.1107 0.1107
0.1483 0.1469 0.1429 0.1374 0.1314 0.1257 0.1209 0.1175 0.1152 0.1140 0.1134 0.1132 0.1132
0.1592 0.1575 0.1525 0.1455 0.1380 0.1310 0.1252 0.1210 0.1184 0.1169 0.1163 0.1161 0.1161
0.1722 0.1699 0.1637 0.1550 0.1456 0.1371 0.1301 0.1251 0.1219 0.1202 0.1194 0.1192 0.1192
0.1876 0.1847 0.1768 0.1660 0.1545 0.1440 0.1357 0.1297 0.1259 0.1239 0.1230 0.1227 0.1227
0.2056 0.2020 0.1922 0.1788 0.1646 0.1519 0.1419 0.1348 0.1303 0.1279 0.1268 0.1265 0.1264
0.2268 0.2223 0.2101 0.1935 0.1762 0.1609 0.1489 0.1405 0.1352 0.1324 0.1311 0.1307 0.1306
