0.1174 0.1174 0.1174 0.1174 0.1174 0.1174 0.1174 0.1174 0.1174 0.1174 0.1174 0.1174 0.1174
0.1199 0.1199 0.1196 0.1192 0.1187 0.1182 0.1176 0.1171 0.1165 0.1161 0.1158 0.1156 0.1155
0.1229 0.1227 0.1222 0.1214 0.1205 0.1195 0.1183 0.1173 0.1164 0.1156 0.1150 0.1147 0.1146
0.1266 0.1263 0.1255 0.1243 0.1229 0.1212 0.1195 0.1180 0.1166 0.1155 0.1148 0.1142 0.1141
0.1312 0.1308 0.1296 0.1279 0.1258 0.1235 0.1212 0.1192 0.1174 0.1159 0.1149 0.1143 0.1141
0.1367 0.1362 0.1347 0.1323 0.1295 0.1264 0.1235 0.1208 0.1186 0.1168 0.1156 0.1149 0.1147
0.1434 0.1427 0.1406 0.1376 0.1339 0.1300 0.1262 0.1230 0.1202 0.1182 0.1168 0.1159 0.1157
0.1514 0.1505 0.1478 0.1439 0.1392 0.1342 0.1296 0.1257 0.1224 0.1201 0.1184 0.1175 0.1172
0.1609 0.1597 0.1562 0.1512 0.1453 0.1393 0.1337 0.1289 0.1251 0.1223 0.1205 0.1195 0.1192
0.1720 0.1705 0.1661 0.1598 0.1525 0.1451 0.1384 0.1327 0.1283 0.1252 0.1231 0.1220 0.1216
0.1852 0.1832 0.1777 0.1698 0.1608 0.1518 0.1438 0.1371 0.1321 0.1284 0.1262 0.1249 0.1245
0.2006 0.1981 0.1913 0.1815 0.1704 0.1596 0.1501 0.1423 0.1364 0.1323 0.1298 0.1284 0.1279
0.2187 0.2156 0.2071 0.1950 0.1815 0.1684 0.1571 0.1481 0.1414 0.1367 0.1339 0.1323 0.1318
0.2400 0.2361 0.2255 0.2105 0.1941 0.1785 0.1652 0.1546 0.1470 0.1417 0.1386 0.1368 0.1363
0.2648 0.2600 0.2468 0.2284 0.2085 0.1899 0.1742 0.1620 0.1532 0.1474 0.1438 0.1420 0.1414
0.2936 0.2877 0.2714 0.2489 0.2248 0.2026 0.1842 0.1702 0.1602 0.1536 0.1496 0.1476 0.1470
0.3272 0.3198 0.2998 0.2723 0.2432 0.2168 0.1953 0.1792 0.1679 0.1605 0.1561 0.1538 0.1531
